431 291 243 372 285 305 234 334 278 368 264 219 349 243 176 351
321 253 214 300 242 221 254 326 239 296 226 217 383 279 227 357
406 318 410 328 316 288 399 351 347 340 351 278 548 277 297 393
339 291 293 346 304 220 290 309 217 247 258 211 432 242 176 298
366 311 247 335 291 253 284 360 160 242 215 231 433 354 268 350
383 225 266 341 289 284 236 346 354 335 337 217 402 247 190 306
312 175 245 329 332 208 278 305 260 267 265 192 376 240 237 270
411 333 324 395 344 270 349 399 259 302 350 310 522 367 283 395
320 247 229 327 298 213 291 337 234 284 238 202 380 279 240 330
344 221 252 290 276 219 265 306 252 260 214 199 397 257 225 370
466 354 450 481 371 360 407 433 344 399 394 250 553 419 311 350
395 309 275 385 280 262 334 359 248 318 277 156 378 319 207 277
502 367 464 439 346 376 434 421 373 456 380 271 539 340 277 370
325 201 293 325 300 198 293 271 260 272 296 167 348 266 226 254
331 303 298 315 256 226 334 292 230 280 299 233 439 223 218 259
352 202 266 317 285 270 231 268 272 242 204 212 324 200 164 371
