437 403 269 349 277 374 359 296 332 306 299 414 316 371 330 329
427 288 215 327 256 310 328 211 302 284 251 366 258 366 262 231
557 341 320 351 269 290 346 203 323 403 290 421 344 380 324 319
439 350 260 325 261 293 277 220 249 333 249 382 301 374 305 268
401 303 293 390 261 326 343 223 304 315 246 403 307 418 339 240
494 390 409 448 320 482 466 340 390 413 344 406 420 428 370 393
351 295 320 322 234 337 375 215 325 296 264 332 370 350 278 206
436 358 253 317 228 321 307 232 294 314 263 365 321 326 250 311
390 297 239 299 247 269 303 183 250 291 259 336 266 329 298 231
484 290 277 311 227 373 366 261 314 326 311 392 266 370 301 325
496 361 249 366 310 303 330 257 301 334 280 442 262 428 373 314
321 199 231 250 152 280 279 146 221 264 217 233 230 243 159 185
362 270 236 303 167 284 270 171 223 307 217 315 286 320 253 242
370 291 236 353 265 384 372 292 323 265 233 313 274 332 247 274
560 440 344 486 340 506 467 335 453 411 380 517 411 516 418 385
473 357 260 342 280 345 322 274 332 325 270 396 297 387 281 321
