0 0 0 0 0 0 0 0 16 0 0 0 0 0 16 0
0 0 0 4 0 0 0 0 16 0 0 0 0 0 16 0
0 0 27 15 0 35 0 0 0 21 0 0 0 0 0 0
0 0 0 0 0 0 0 0 0 72 63 0 0 0 0 0
0 0 0 0 0 0 0 0 28 72 63 0 0 0 0 0
0 0 0 0 0 0 0 0 0 0 0 0 0 0 0 0
0 6 0 53 0 49 3 0 0 7 0 0 1 8 0 0
0 6 0 0 0 0 3 0 0 7 0 0 1 8 0 0
0 10 0 0 0 0 0 0 0 0 0 20 0 0 0 0
0 24 45 0 0 0 12 9 0 63 0 0 4 32 0 0
0 0 0 0 0 0 0 0 0 0 0 0 0 0 0 0
0 0 72 0 0 0 0 0 16 56 0 0 0 0 16 0
0 0 0 0 0 0 0 0 56 0 0 0 0 0 0 0
0 6 0 0 0 0 0 0 0 48 42 12 0 0 0 0
0 0 0 0 0 0 0 0 56 40 35 0 0 0 56 0
0 0 0 0 0 0 0 0 0 0 0 0 0 0 28 0
