0 0 0 0 0 0 0 0 0 0 0 0 0 0 0 0
0 0 0 0 0 0 0 0 0 0 0 0 0 0 0 0
0 0 0 0 0 0 45 0 0 0 0 0 0 0 0 0
49 33 0 0 35 21 0 0 0 0 56 0 18 0 65 0
5 0 0 0 0 56 0 0 0 0 0 0 48 0 24 0
42 18 0 0 0 0 0 0 0 0 48 0 0 0 48 0
0 0 18 0 0 0 27 0 0 0 0 0 0 0 0 0
0 3 0 0 0 0 0 0 0 0 0 0 0 0 0 0
3 0 0 0 0 0 0 0 0 0 0 0 0 0 0 0
0 27 0 0 63 0 0 0 0 0 0 0 0 0 0 0
4 0 14 0 0 0 21 0 0 0 0 0 0 0 0 0
0 0 0 0 36 0 0 0 0 0 0 0 0 0 0 0
36 0 0 0 0 0 0 4 8 0 0 8 28 0 0 0
0 0 0 0 0 0 0 0 0 0 0 0 0 0 0 0
0 9 0 0 0 0 0 1 0 0 0 2 0 0 0 0
14 0 0 0 0 35 0 0 0 36 16 0 30 0 31 0
