347 328 460 379 460 320 310 426 319 326 402 401 456 325 323 340
333 299 438 352 426 325 283 485 377 411 353 320 424 354 246 388
211 212 375 344 371 289 310 376 284 327 248 259 415 277 282 251
358 330 481 400 424 307 289 452 323 381 403 335 409 259 267 329
265 314 352 353 388 314 237 447 333 386 287 287 396 342 258 349
359 378 437 435 524 315 297 555 345 394 440 389 451 257 343 371
280 208 291 287 323 287 141 416 212 303 317 305 290 217 214 315
155 253 344 219 238 206 247 336 263 225 228 209 289 194 200 265
334 331 386 381 402 304 314 500 333 398 419 344 359 308 294 363
289 280 413 297 329 322 241 400 280 270 365 344 352 263 226 329
340 259 416 334 471 298 232 414 323 414 385 360 395 280 284 335
236 291 350 289 348 280 221 467 336 347 363 268 294 135 229 306
356 369 564 407 464 367 400 534 367 381 407 392 504 378 351 408
240 277 428 291 340 231 332 330 212 270 264 275 365 315 280 276
296 349 402 374 488 341 371 491 311 394 377 388 454 382 376 357
300 342 352 436 452 359 217 504 300 379 344 376 423 349 331 385
