0 8 72 0 0 48 0 0 16 0 0 0 0 0 16 8 72 0 0 0 0 0 0 8 0 0 0 32 0 16 0 0 0 0 0 0 0 40 0 15 0 0 48 8 0 0 0 0 0 72 0 35 0 0 8 8 0 0 0 0 0 0 0 0
25 27 54 24 66 0 0 71 81 0 39 36 18 0 0 0 119 48 0 45 54 0 29 5 0 0 15 24 72 0 36 15 0 18 0 0 0 4 55 40 20 13 0 0 59 64 150 0 15 0 0 81 32 15 0 0 93 3 12 51 0 0 27 50
0 0 0 16 0 0 0 10 0 0 0 0 12 0 0 0 12 0 0 0 8 0 0 0 0 0 0 0 0 0 16 0 16 8 0 0 0 0 0 0 0 0 0 0 0 0 10 0 0 0 0 0 0 0 0 0 0 16 0 0 0 0 0 0
0 0 6 0 53 32 0 0 9 40 14 0 48 0 0 6 8 0 4 40 1 45 12 3 0 0 9 0 24 0 0 0 0 14 0 0 0 64 2 24 0 10 24 0 0 38 56 0 9 24 6 9 0 0 0 0 40 0 10 6 0 0 20 6
45 0 0 64 59 0 0 0 0 72 76 0 60 30 28 0 46 59 41 21 19 0 0 0 0 0 5 0 9 0 69 27 0 12 0 0 27 92 83 0 0 32 24 36 0 32 0 15 0 78 14 72 5 27 0 0 64 38 0 0 0 0 64 0
7 0 0 18 18 0 27 0 6 48 0 0 16 0 0 0 34 0 0 2 28 0 4 4 0 10 0 0 0 18 24 0 10 48 0 6 4 24 48 0 0 48 10 4 0 0 0 0 0 0 18 0 0 0 6 0 0 8 0 0 62 0 32 0
0 0 0 48 0 0 0 30 0 0 0 0 60 0 0 0 0 0 0 0 0 0 0 0 0 0 0 0 0 0 0 0 48 0 0 0 0 64 0 0 0 0 24 0 0 0 30 0 0 24 0 0 0 0 0 0 0 48 0 0 0 0 0 0
8 2 0 0 67 0 0 0 2 0 39 69 0 57 66 27 27 0 54 8 0 0 0 0 16 0 3 30 39 0 14 56 12 0 0 0 10 61 40 24 5 84 21 0 6 42 24 24 0 18 0 8 40 18 15 0 51 48 3 24 16 9 10 21
23 80 0 0 56 15 0 54 14 16 52 8 4 10 0 12 12 48 2 21 1 25 15 22 0 0 9 115 104 8 66 12 48 13 3 15 46 0 0 50 8 0 52 8 24 35 27 49 17 84 3 42 0 6 24 40 0 4 9 15 64 48 8 17
8 0 64 0 9 0 0 0 4 0 4 72 0 9 68 81 0 24 2 24 0 0 0 0 32 0 1 6 7 36 0 4 0 0 0 0 0 72 60 72 0 5 27 36 32 36 0 36 0 0 0 48 30 54 0 0 48 12 49 2 0 27 20 63
8 22 0 32 3 0 18 0 4 0 28 24 0 21 0 27 16 0 63 0 39 0 12 0 0 0 0 36 36 0 28 0 24 0 14 0 20 0 14 24 0 12 33 0 6 12 0 12 0 36 0 0 0 18 12 0 8 10 19 0 32 9 60 53
0 9 0 0 48 18 0 15 0 0 3 0 16 0 0 0 6 6 6 27 4 0 0 0 0 0 0 0 0 0 8 0 8 4 0 0 8 16 0 0 0 0 14 0 1 16 0 9 14 6 18 0 0 0 0 16 0 0 0 0 18 0 0 0
0 0 32 38 0 0 0 0 0 0 65 0 36 0 0 39 0 52 35 0 0 0 0 0 0 0 40 30 72 5 0 0 0 56 0 0 0 129 0 0 0 0 18 0 0 90 0 1 0 18 24 25 40 0 0 0 32 0 20 0 0 0 64 0
0 0 0 0 0 8 0 0 0 16 20 0 0 35 0 0 15 0 0 14 0 18 0 0 0 0 0 0 0 0 0 0 0 15 0 0 0 0 0 0 27 4 0 0 0 0 37 0 0 0 15 0 0 0 0 0 14 0 4 0 0 18 8 24
0 0 54 72 0 0 0 6 81 0 106 0 0 0 0 0 72 30 36 51 9 0 0 0 0 0 30 38 54 0 0 0 0 0 0 54 0 0 26 0 0 64 48 0 0 36 112 9 0 0 12 170 30 0 0 0 157 0 0 30 16 42 48 0
0 0 6 0 115 0 0 56 0 0 0 0 54 0 103 48 0 0 0 15 18 0 6 6 0 15 0 41 56 30 0 42 15 0 0 30 6 135 88 0 16 72 42 36 56 0 0 0 48 27 27 0 25 0 9 0 0 64 0 20 21 0 0 16
0 63 40 0 0 0 63 35 12 0 33 0 0 28 0 0 0 57 6 24 0 0 0 4 0 0 0 8 0 3 0 0 0 6 3 0 0 101 54 3 0 0 0 0 49 0 0 0 8 0 0 27 0 0 0 0 30 0 25 0 0 0 0 0
0 72 0 0 0 0 72 0 0 27 50 81 0 6 0 0 99 36 18 0 0 0 0 0 0 0 0 0 0 0 0 0 0 0 56 0 0 90 56 54 51 9 0 12 81 90 0 0 0 0 0 0 72 18 0 0 32 0 0 0 0 0 0 0
0 0 0 16 21 0 0 0 0 19 32 24 12 56 0 27 42 18 0 27 12 15 0 0 0 0 0 0 0 0 24 0 0 36 0 0 0 45 0 24 0 0 9 0 51 32 40 9 2 0 18 0 0 18 0 32 0 0 3 0 0 52 0 21
0 0 3 71 7 0 54 0 0 2 0 0 2 0 0 24 3 9 9 6 2 0 4 1 54 0 3 90 56 0 67 21 0 2 0 15 0 48 46 17 50 8 8 0 0 8 78 0 28 0 10 46 0 0 54 4 0 16 64 74 2 20 0 18
0 0 0 42 28 0 0 0 0 17 4 6 24 0 0 0 27 45 0 0 18 10 0 0 0 0 0 0 0 0 36 0 4 30 9 0 0 0 0 0 72 0 0 0 0 0 0 0 5 0 40 9 0 0 0 44 0 0 14 0 0 106 18 64
0 0 0 0 0 0 0 8 0 0 0 0 0 0 0 0 0 0 0 8 0 0 0 0 0 0 0 24 0 0 0 0 0 0 0 72 0 0 0 0 0 0 64 0 0 0 0 0 0 0 16 0 0 0 0 0 0 0 0 0 0 56 0 0
35 0 0 28 31 0 0 35 0 0 0 0 20 0 0 0 12 42 4 0 8 0 0 0 24 0 0 32 36 0 44 21 0 8 0 0 0 16 69 4 10 0 6 0 35 0 0 0 0 6 0 20 0 21 24 0 0 0 0 0 0 0 0 10
0 0 0 63 0 16 0 2 0 32 0 0 0 0 0 0 0 0 9 30 0 36 0 0 54 0 0 78 36 0 63 0 0 0 0 18 0 0 45 9 0 8 16 0 0 0 24 0 0 0 4 45 0 0 54 0 28 0 8 0 0 14 16 0
0 32 0 0 0 0 0 0 0 18 33 81 0 43 0 9 45 0 33 16 8 0 27 12 0 0 22 24 28 9 0 0 0 120 9 0 36 63 2 12 9 45 45 0 54 99 0 0 24 0 63 30 72 0 27 0 12 0 0 8 4 0 9 0
0 40 0 16 0 0 0 0 0 8 0 0 4 3 0 0 6 0 0 20 32 0 6 0 0 0 0 0 0 0 13 0 0 4 0 0 48 0 0 0 0 6 0 4 0 0 0 0 0 6 0 0 0 0 0 0 15 2 8 0 0 0 18 16
4 0 0 32 0 18 0 27 0 8 0 0 0 0 10 0 0 36 72 8 0 0 0 0 16 0 0 0 0 0 45 2 0 0 0 9 0 0 11 0 0 64 0 0 0 0 0 26 4 0 0 16 63 0 0 16 2 0 0 0 16 37 10 9
40 7 40 42 74 18 0 3 14 0 20 0 0 0 0 7 63 63 6 7 24 0 16 28 36 20 6 115 40 20 42 24 20 0 0 45 8 45 86 22 0 0 44 8 0 16 44 30 6 63 42 50 0 24 55 0 62 0 25 28 28 21 0 4
0 7 0 24 72 18 0 0 14 0 34 0 0 44 0 19 87 0 48 0 6 0 0 50 0 0 0 130 0 48 0 0 18 102 24 18 0 36 0 0 36 0 9 0 0 24 81 30 64 63 0 0 0 0 7 0 0 30 135 81 0 0 129 0
0 81 3 0 0 16 81 0 0 32 0 0 0 36 0 0 0 0 0 28 0 36 0 36 0 0 0 72 0 27 0 0 0 54 90 0 0 0 63 0 28 8 7 0 0 0 87 0 72 12 0 0 0 0 0 0 64 14 64 63 0 0 16 0
14 0 0 40 24 20 0 9 0 50 0 0 0 0 56 0 0 45 0 72 0 45 0 0 56 0 0 27 0 0 0 7 0 0 0 81 0 21 15 0 0 34 72 0 0 0 30 63 5 0 18 28 0 0 0 20 35 18 10 0 0 103 55 0
0 0 0 108 93 47 0 12 0 45 0 0 0 0 0 18 0 81 50 36 0 27 12 3 0 0 9 36 24 6 20 0 0 0 0 0 0 63 0 24 0 6 0 0 9 64 36 5 18 0 10 0 28 0 0 36 21 0 6 6 0 72 12 10
0 0 0 0 6 0 0 28 0 12 0 18 4 0 0 0 16 0 24 0 4 5 0 0 0 0 0 0 0 0 8 0 0 28 0 0 32 38 0 0 26 2 6 0 36 60 54 0 0 0 0 0 16 0 16 8 0 12 48 54 0 9 0 0
70 63 0 0 6 0 54 0 45 0 0 0 24 5 0 0 9 47 0 0 0 0 3 0 0 0 40 81 165 0 63 6 54 9 42 0 45 0 56 0 0 15 59 0 0 0 0 27 0 81 6 0 35 6 30 0 24 0 0 6 72 0 57 0
0 63 0 21 56 0 0 35 0 56 63 0 0 0 8 0 36 42 0 42 9 0 38 8 0 0 24 1 64 27 0 24 0 42 0 7 0 0 73 64 0 56 0 6 7 64 48 0 24 0 0 0 5 0 0 0 0 20 0 41 56 0 72 16
0 62 5 0 30 0 0 30 16 0 18 0 2 28 0 8 75 36 0 0 2 25 0 0 0 0 0 0 0 16 4 42 0 2 0 18 0 0 7 0 0 8 0 0 6 0 0 16 0 92 0 1 0 0 15 40 25 0 0 0 2 55 0 0
0 0 0 136 46 6 0 40 0 64 35 0 16 8 0 39 24 0 34 0 6 25 0 0 0 0 8 48 56 32 0 0 64 83 0 8 0 72 64 15 0 104 0 0 0 83 40 0 0 0 15 35 0 0 0 40 0 76 0 16 64 45 48 0
0 0 0 60 0 0 0 27 0 0 0 0 8 0 0 0 0 0 10 0 0 0 0 0 24 0 0 32 16 0 28 0 32 6 0 0 8 0 20 4 0 0 0 0 0 8 20 0 0 0 0 20 0 0 28 0 0 32 0 0 0 0 0 0
35 0 0 0 121 0 0 0 46 0 32 153 20 32 0 81 45 0 8 32 72 40 0 0 0 18 0 0 9 0 0 0 16 48 0 0 0 9 72 72 36 9 27 0 74 90 0 0 0 0 15 0 72 54 0 64 0 0 65 0 72 117 72 87
0 0 9 24 5 0 0 15 0 0 70 40 6 24 0 45 54 36 0 28 0 0 4 24 0 0 0 48 0 18 0 16 24 36 18 0 0 0 0 94 78 0 24 12 10 20 96 0 48 36 0 0 0 48 0 0 0 42 77 81 0 15 0 35
0 0 54 0 96 12 0 0 81 0 61 0 18 0 0 0 99 0 0 45 27 0 0 0 0 0 0 36 0 0 36 0 16 66 0 0 0 0 18 0 0 0 0 0 0 0 144 0 0 0 0 81 0 0 0 0 117 0 56 54 0 0 72 0
0 0 24 48 0 0 0 30 36 8 28 0 22 39 0 6 47 0 4 34 14 0 2 0 0 0 0 0 0 0 25 62 48 24 0 0 3 0 8 0 0 0 0 4 0 14 62 0 0 6 6 36 0 0 9 0 47 48 0 0 0 0 0 0
0 0 0 49 0 0 0 20 0 0 30 0 0 0 0 0 0 0 19 0 0 0 0 0 42 0 0 80 28 0 49 0 16 0 0 0 16 0 36 7 0 8 16 0 0 32 48 0 28 0 0 36 0 0 42 32 48 0 0 36 38 0 0 0
10 0 0 0 62 21 0 40 0 0 60 48 0 3 49 78 0 0 49 20 0 0 0 0 40 0 0 3 0 18 0 5 32 56 0 0 32 0 21 48 0 0 50 18 12 144 0 45 56 0 24 20 15 36 0 64 0 6 6 0 72 18 25 42
0 0 0 28 0 0 0 0 0 0 28 0 0 0 32 0 0 0 4 28 0 0 4 0 24 0 0 36 16 24 28 16 0 0 0 0 0 0 48 4 0 0 0 24 0 0 0 0 0 0 0 20 20 0 24 0 0 8 0 0 0 0 0 0
0 0 24 64 0 0 0 0 0 0 72 0 0 0 0 0 0 44 32 0 0 0 0 0 0 0 35 0 63 0 0 0 0 0 0 0 0 27 0 6 0 0 0 0 0 32 0 8 0 0 0 98 35 0 0 0 82 0 15 0 0 0 56 0
0 56 0 142 81 0 0 10 0 21 0 0 4 0 56 27 0 81 27 37 68 0 18 18 0 45 0 61 0 51 0 0 61 0 0 0 81 90 49 0 0 0 45 60 9 58 10 0 9 0 81 0 35 0 27 36 21 30 0 0 63 72 0 0
6 66 0 0 21 0 0 40 3 0 29 0 0 14 0 0 9 42 3 0 0 0 12 3 0 0 9 27 51 0 21 0 22 6 0 0 19 0 0 24 18 0 22 0 7 32 28 9 16 27 10 0 0 0 9 8 0 0 0 6 33 12 0 22
0 0 83 0 0 54 0 1 0 0 4 0 18 7 18 0 30 0 0 1 18 0 0 9 0 0 0 39 0 0 36 0 0 21 0 9 0 45 10 0 0 0 62 9 0 0 5 0 0 8 2 0 0 0 0 9 0 0 0 25 0 7 0 0
10 108 1 0 6 0 27 52 0 0 146 9 0 0 0 32 5 66 16 72 0 0 9 0 0 0 0 27 4 0 0 49 0 56 21 68 0 1 35 0 1 1 56 0 9 62 0 0 8 0 38 0 8 6 0 0 12 0 0 0 0 49 0 0
0 0 0 0 0 0 0 6 0 24 0 0 10 9 0 0 15 0 0 6 10 0 0 0 0 0 0 18 0 0 35 0 0 10 0 54 9 0 0 0 0 0 48 12 0 0 0 0 0 18 12 0 0 0 0 0 0 0 0 0 0 42 0 0
0 21 12 77 120 18 0 25 28 70 0 0 0 0 95 5 61 63 15 18 6 0 0 0 0 0 0 4 0 55 0 0 20 42 0 7 38 63 133 0 0 128 20 24 0 40 16 0 42 45 0 18 20 0 5 68 16 62 0 0 101 56 0 0
0 0 36 0 48 24 0 0 0 0 6 81 0 36 29 0 45 0 0 0 0 0 0 36 0 0 4 80 28 24 0 0 6 66 24 0 0 50 15 0 9 53 24 4 0 54 0 0 64 0 0 0 72 0 0 4 0 18 21 8 0 0 27 0
0 0 0 0 72 0 0 0 0 0 42 0 18 0 63 18 9 0 12 0 6 0 0 0 0 0 0 0 0 0 12 0 0 48 0 0 0 79 45 0 0 72 6 0 0 42 0 0 0 6 18 0 0 0 0 0 0 54 0 0 0 0 0 0
0 8 0 48 0 0 0 0 0 0 70 0 18 12 0 0 0 0 60 4 2 0 0 0 0 0 0 0 0 0 0 0 0 0 0 0 9 24 0 0 0 0 9 0 0 24 0 6 0 9 0 54 0 0 0 0 51 0 0 0 0 0 0 0
0 64 0 32 32 0 0 0 0 77 15 0 0 21 0 0 9 31 0 32 52 0 12 0 0 0 25 0 45 0 35 0 8 24 0 0 93 63 0 9 7 12 0 30 63 28 0 0 0 42 0 0 25 3 0 0 24 4 44 0 0 0 112 32
0 3 15 0 0 0 0 0 6 0 0 0 0 0 0 3 27 0 0 0 30 0 0 0 0 0 0 0 0 6 0 10 0 0 0 0 0 0 45 0 24 0 6 0 0 0 54 0 0 27 0 0 0 0 3 0 0 12 48 54 0 0 20 45
0 0 106 24 48 18 0 2 63 0 27 0 0 0 0 0 56 24 12 37 7 0 0 0 0 0 0 6 0 0 0 0 0 0 0 18 0 72 14 0 0 0 16 0 0 12 56 3 0 0 4 122 0 0 0 0 107 0 40 0 0 14 0 0
0 0 18 0 24 12 0 8 0 0 43 0 48 14 25 0 51 30 0 32 0 0 0 2 0 0 0 32 0 0 0 0 0 6 0 72 0 95 15 45 62 24 100 12 0 0 10 8 0 24 47 0 0 15 0 2 0 18 0 0 0 74 0 24
0 0 0 48 45 0 0 0 0 0 0 0 0 0 0 24 0 0 24 5 30 0 10 10 0 25 0 48 0 8 0 0 25 0 0 0 10 72 0 0 32 0 33 10 0 48 72 0 0 0 45 0 0 0 15 0 0 16 64 72 35 0 0 0
25 0 0 40 23 3 0 25 0 72 49 0 10 27 0 0 63 72 0 0 0 0 0 0 0 0 0 0 0 0 45 15 40 0 0 0 27 0 39 63 121 32 0 50 0 0 25 0 0 54 40 4 0 36 0 0 0 40 0 0 8 48 0 64
0 63 24 6 40 15 0 35 0 0 77 0 0 28 48 3 72 90 3 0 88 0 0 0 0 10 0 12 5 37 0 58 0 0 0 27 0 9 123 72 56 0 0 52 7 6 0 24 0 0 0 0 30 24 7 0 27 12 0 0 40 15 32 72
0 0 42 34 0 7 0 0 45 49 0 30 30 0 0 0 40 27 0 32 93 9 0 3 0 16 0 7 8 1 0 8 0 0 45 3 0 0 46 0 0 2 0 0 0 0 46 5 3 0 0 90 0 0 0 52 32 0 2 0 64 24 20 36
0 0 0 16 78 24 0 5 0 36 18 48 12 12 0 54 18 63 0 5 12 0 0 24 0 0 45 71 81 8 44 0 18 66 0 69 12 0 0 48 0 0 58 16 12 24 0 40 2 24 10 0 45 36 0 8 0 0 69 0 0 69 153 42
