1078 1257 1351 1363 1200 1132 1360 1304 1057 1245 1175 1305 1277 1247 1308 1214 1416 1143 1299 924 1305 1583 1220 1137 1219 1471 1199 1377 1247 1240 1339 1244 1296 1257 1418 1063 1261 1086 1463 1019 1258 1167 1101 1209 1272 1325 1431 1197 1237 1335 1246 1041 1277 1284 1276 1373 1156 897 1039 1073 1174 1232 1289 1123
1155 1023 1381 1235 1200 1109 1287 1306 1078 1156 1174 1384 1231 1140 1271 1137 1293 1112 1187 1034 1215 1271 1130 1127 1141 1244 1176 1220 1188 1260 1461 1289 1250 1121 1429 911 1158 1036 1266 975 1326 1196 1090 1212 1203 1133 1181 1252 1246 1288 1091 983 1276 1278 1203 1340 1152 896 962 1073 1093 1249 1316 934
1389 1536 1583 1602 1533 1555 1728 1622 1365 1382 1409 1682 1562 1515 1650 1438 1664 1591 1566 1169 1505 1696 1404 1339 1337 1678 1468 1560 1459 1515 1662 1489 1550 1529 1561 1311 1474 1283 1682 1276 1692 1488 1272 1512 1365 1621 1421 1444 1480 1560 1293 1343 1811 1660 1455 1669 1545 1187 1413 1288 1583 1549 1576 1238
1062 1312 1338 1312 1364 1231 1359 1320 1051 1181 1101 1420 1226 1290 1496 1175 1312 1216 1249 957 1238 1435 1273 1265 933 1419 1313 1277 1224 1235 1384 1132 1215 1270 1424 1022 1160 1029 1387 1026 1349 1299 1115 1363 1183 1220 1101 1261 1266 1232 1164 1043 1374 1286 1189 1355 1095 1064 1099 999 1067 1211 1313 1148
1029 1223 1419 1338 1161 1090 1484 1313 1172 1148 1169 1386 1249 1225 1422 1186 1405 987 1338 977 1280 1382 1113 1142 1055 1477 1305 1321 1196 1247 1348 1208 1266 1186 1280 1209 1243 1042 1273 1028 1292 1172 1054 1177 1126 1287 1202 1284 1274 1209 1146 1089 1468 1331 1180 1331 1105 876 1138 1119 1230 1193 1449 1046
1084 1260 1286 1282 1232 1191 1416 1352 991 1194 1003 1250 1162 1112 1254 1079 1320 1080 1222 960 1252 1364 1131 1136 1024 1424 1131 1256 1183 1172 1393 1158 1191 1221 1537 1068 1105 990 1304 1007 1196 1211 1012 1242 1202 1230 1091 1216 1191 1284 1245 1108 1179 1297 1220 1258 1092 965 1051 973 1156 1203 1236 973
1093 1314 1328 1367 1220 1168 1371 1209 1083 1315 1111 1331 1233 1145 1360 1107 1344 1214 1341 908 1319 1474 1238 1152 1064 1487 1271 1223 1248 1261 1372 1296 1175 1281 1330 1138 1187 1063 1410 1041 1359 1307 1017 1207 1091 1312 1088 1220 1150 1277 1246 997 1256 1362 1264 1383 1125 969 1063 1028 1262 1344 1247 1042
1071 1295 1290 1278 1089 1281 1350 1257 1100 1222 989 1257 1208 1095 1395 1030 1281 1055 1224 900 1186 1334 1289 1068 1177 1382 1238 1259 1269 1101 1395 1211 1213 1166 1241 1108 1102 980 1320 1077 1275 1364 1077 1207 1213 1208 1093 1234 1307 1220 1190 1168 1280 1268 1153 1263 1136 1026 1093 1067 1164 1293 1211 923
1229 1407 1568 1517 1287 1216 1424 1336 1280 1351 1091 1466 1317 1403 1509 1351 1545 1354 1384 1025 1420 1517 1409 1250 1309 1546 1559 1315 1399 1403 1601 1430 1314 1345 1462 1186 1276 1110 1462 1193 1430 1411 1371 1390 1320 1409 1366 1393 1384 1473 1372 1112 1423 1549 1341 1482 1295 1118 1150 1134 1379 1375 1494 1180
1064 1210 1387 1332 1255 1084 1326 1270 1051 1174 1011 1435 1184 1259 1321 1327 1313 1169 1358 1005 1280 1302 1075 1193 1011 1386 1165 1241 1240 1324 1288 1119 967 1176 1554 1118 1095 1135 1258 977 1330 1241 1099 1279 1225 1254 1192 1208 1343 1314 1073 1093 1244 1320 1213 1280 1130 979 1236 1066 1128 1133 1355 1116
1183 1401 1481 1416 1489 1349 1619 1583 1328 1421 1325 1609 1450 1468 1602 1266 1569 1359 1426 1211 1402 1635 1378 1303 1315 1748 1572 1458 1401 1456 1521 1342 1434 1427 1662 1326 1382 1301 1578 1161 1503 1458 1217 1512 1466 1409 1436 1465 1427 1555 1322 1339 1512 1528 1458 1585 1397 968 1199 1234 1337 1345 1422 1282
1152 1317 1336 1223 1287 1263 1350 1456 1056 1229 1094 1299 1213 1173 1365 1196 1401 1193 1255 987 1129 1506 1247 1189 1115 1482 1259 1359 1158 1266 1385 1233 1261 1218 1331 1044 1237 1081 1384 1002 1322 1350 1013 1271 1199 1366 1299 1177 1231 1237 1153 1053 1325 1267 1231 1360 1193 952 1118 1058 1208 1302 1241 1104
1340 1602 1688 1643 1510 1404 1661 1661 1433 1347 1381 1810 1415 1546 1874 1613 1601 1405 1582 1240 1536 1690 1439 1474 1312 1675 1435 1581 1589 1701 1756 1491 1619 1487 1758 1350 1421 1257 1588 1260 1686 1415 1351 1499 1504 1616 1511 1573 1608 1515 1544 1444 1705 1648 1501 1667 1434 1365 1401 1373 1623 1607 1662 1307
1160 1358 1367 1424 1303 1241 1459 1426 1247 1332 1235 1509 1359 1301 1438 1265 1417 1314 1294 1183 1292 1453 1352 1205 1177 1548 1341 1428 1309 1411 1587 1414 1442 1316 1565 1124 1270 1047 1470 1132 1416 1396 1126 1357 1360 1357 1320 1337 1383 1432 1349 1173 1414 1470 1271 1468 1283 1058 1159 1160 1277 1313 1453 1103
1303 1497 1510 1506 1469 1274 1626 1533 1396 1379 1260 1614 1381 1362 1512 1522 1591 1466 1410 1104 1404 1487 1315 1362 1267 1528 1419 1396 1379 1545 1592 1449 1348 1373 1695 1187 1305 1210 1658 1226 1656 1394 1188 1394 1409 1430 1420 1288 1370 1391 1401 1173 1614 1577 1379 1500 1337 1129 1335 1202 1370 1440 1481 1229
1134 1447 1506 1320 1289 1319 1525 1459 1235 1397 1204 1340 1379 1339 1559 1297 1442 1312 1507 1065 1283 1595 1453 1336 1245 1707 1413 1397 1421 1341 1497 1303 1384 1361 1645 1312 1254 1212 1454 1099 1260 1484 1200 1408 1460 1348 1454 1374 1479 1371 1435 1274 1324 1430 1528 1419 1274 980 1170 1063 1352 1363 1460 1194
1057 1335 1455 1472 1341 1217 1560 1351 1107 1262 1178 1425 1342 1470 1408 1301 1453 1172 1408 1103 1379 1518 1273 1251 1122 1597 1250 1333 1397 1329 1407 1214 1183 1305 1541 1211 1252 1153 1364 1039 1432 1273 1233 1442 1276 1417 1391 1322 1328 1465 1295 1209 1334 1505 1338 1470 1262 973 1173 1160 1179 1286 1477 1105
1087 1318 1337 1279 1412 1314 1447 1347 1073 1219 1144 1499 1229 1282 1481 1190 1361 1242 1331 947 1280 1399 1159 1215 985 1428 1375 1337 1311 1265 1500 1299 1321 1270 1399 1286 1197 1143 1425 1095 1393 1276 1144 1220 1208 1218 1239 1268 1383 1234 1327 1210 1479 1291 1188 1292 1246 1036 1144 1164 1277 1362 1317 1116
1212 1506 1361 1326 1306 1306 1467 1430 1093 1293 1120 1458 1242 1279 1524 1236 1376 1317 1455 1065 1272 1563 1299 1347 1154 1542 1317 1404 1396 1387 1442 1331 1317 1376 1578 1254 1469 1207 1387 1211 1426 1412 1152 1350 1272 1278 1231 1412 1432 1398 1299 1253 1429 1302 1316 1374 1196 1030 1214 1135 1286 1384 1229 1078
1242 1469 1359 1577 1265 1153 1539 1437 1293 1272 1342 1571 1315 1300 1612 1366 1518 1239 1430 1253 1325 1542 1311 1283 1121 1577 1413 1323 1210 1611 1530 1343 1334 1422 1546 1273 1274 1099 1393 1066 1499 1245 1237 1343 1355 1387 1419 1392 1273 1432 1254 1120 1482 1484 1348 1477 1280 1087 1232 1259 1313 1274 1462 1211
1169 1363 1390 1414 1297 1313 1426 1366 1109 1229 1126 1424 1240 1360 1435 1230 1344 1273 1286 966 1302 1401 1312 1209 1124 1408 1285 1381 1364 1294 1419 1286 1198 1298 1326 1154 1196 1147 1352 1056 1466 1331 1172 1239 1306 1303 1346 1202 1395 1380 1162 1128 1500 1417 1175 1409 1249 1056 1251 1165 1050 1285 1292 1067
1220 1518 1265 1378 1365 1357 1631 1554 1175 1413 1218 1522 1445 1481 1511 1310 1494 1337 1340 1091 1156 1540 1464 1282 1114 1589 1292 1316 1283 1420 1458 1315 1322 1289 1381 1289 1282 1179 1384 1157 1457 1282 1200 1360 1305 1395 1387 1403 1412 1357 1297 1175 1468 1520 1443 1550 1383 996 1316 1221 1235 1415 1452 1101
1135 1293 1406 1531 1245 1190 1357 1281 1190 1204 1137 1474 1304 1246 1399 1349 1611 1310 1309 953 1388 1418 1172 1213 1209 1504 1317 1360 1322 1323 1399 1312 1202 1251 1440 1155 1204 970 1507 1157 1462 1336 1173 1234 1280 1382 1416 1242 1197 1318 1337 1063 1282 1464 1265 1383 1184 1026 1105 1064 1241 1264 1398 1081
1064 1307 1299 1366 1262 1220 1350 1311 1103 1196 1156 1352 1138 1187 1462 1134 1324 1093 1194 912 1272 1405 1126 1138 1038 1376 1299 1276 1095 1192 1342 1219 1209 1248 1301 1135 1023 1118 1326 987 1255 1192 1015 993 1196 1122 1236 1225 1120 1214 1152 1009 1235 1330 1147 1361 1058 1051 1104 1107 1127 1144 1116 990
1127 1422 1665 1471 1392 1291 1472 1502 1289 1351 1288 1625 1359 1397 1627 1470 1536 1286 1494 1071 1461 1494 1331 1354 1154 1636 1343 1474 1458 1377 1538 1281 1328 1275 1713 1197 1303 1195 1433 1159 1513 1343 1186 1403 1348 1470 1291 1451 1436 1373 1264 1261 1474 1578 1332 1428 1242 1080 1282 1233 1400 1299 1601 1080
1178 1327 1444 1245 1257 1168 1349 1364 1066 1166 1156 1356 1215 1292 1403 1265 1284 1274 1306 884 1274 1456 1197 1357 1024 1545 1128 1329 1261 1320 1337 1110 1296 1221 1378 1061 1168 1136 1388 1125 1246 1212 1176 1234 1214 1295 1257 1373 1263 1289 1150 1166 1290 1361 1305 1338 1183 1042 1137 1098 1158 1258 1257 1119
1111 1261 1414 1422 1227 1130 1279 1289 1144 1213 1104 1326 1271 1271 1344 1284 1387 1241 1181 1020 1407 1325 1305 1173 1145 1314 1231 1272 1317 1257 1373 1228 1281 1306 1306 1090 1154 1083 1407 1027 1292 1226 1207 1177 1223 1357 1226 1185 1285 1248 1099 1000 1349 1397 1292 1393 1158 1082 1230 1082 1204 1267 1431 1096
1096 1453 1193 1255 1156 1197 1350 1260 1105 1126 1075 1309 1279 1346 1374 1141 1258 1199 1361 895 1163 1521 1246 1258 965 1443 1139 1183 1275 1205 1387 1141 1354 1337 1390 1137 1266 1123 1356 1079 1292 1258 1018 1259 1211 1241 1210 1226 1334 1106 1270 1188 1365 1334 1205 1355 1198 1011 1081 1151 1252 1205 1299 1008
1209 1365 1347 1350 1329 1223 1451 1442 1146 1412 1118 1448 1271 1230 1390 1164 1369 1286 1353 1050 1157 1369 1363 1211 1161 1474 1233 1328 1276 1336 1404 1314 1225 1219 1383 1148 1213 1213 1381 1170 1384 1383 1125 1288 1194 1353 1225 1391 1425 1329 1148 1119 1338 1323 1283 1329 1298 937 1252 1005 1224 1346 1391 1138
1350 1370 1524 1542 1411 1421 1528 1475 1282 1394 1356 1585 1424 1346 1584 1365 1520 1427 1495 1128 1411 1650 1450 1338 1382 1634 1545 1462 1380 1460 1701 1483 1552 1419 1502 1324 1347 1135 1569 1230 1403 1557 1283 1433 1436 1260 1533 1395 1471 1551 1559 1261 1481 1535 1432 1552 1360 1124 1249 1184 1401 1311 1571 1357
1041 1102 1251 1126 1086 1119 1198 1248 1042 1070 909 1213 1056 1066 1243 1010 1253 1087 1258 879 987 1180 1079 990 973 1243 1189 1081 1123 1079 1289 1096 1020 994 1190 1021 904 910 1067 980 1132 1259 912 1103 1124 1048 1002 1169 1230 1150 1167 966 1076 1098 1156 1178 1078 1011 998 868 1106 1073 1114 1012
1127 1328 1380 1323 1278 1323 1456 1427 1054 1289 1149 1464 1363 1325 1450 1258 1284 1197 1384 874 1138 1441 1256 1197 1141 1461 1202 1360 1297 1244 1435 1223 1344 1312 1402 1074 1241 1219 1333 1083 1365 1179 1125 1299 1197 1271 1265 1285 1349 1299 1211 1192 1441 1359 1184 1448 1318 1083 1248 1129 1221 1262 1383 1159
1316 1388 1418 1359 1250 1320 1444 1286 1074 1293 1027 1311 1210 1130 1360 1168 1383 1304 1321 999 1217 1444 1350 1240 1080 1466 1335 1220 1284 1346 1551 1321 1267 1264 1347 1149 1244 1076 1240 1011 1353 1370 1210 1316 1251 1324 1151 1221 1275 1333 1261 975 1384 1228 1402 1333 1179 993 1113 1044 1247 1403 1292 1069
1065 1398 1329 1231 1249 1272 1329 1378 1156 1200 1092 1464 1319 1272 1522 1270 1292 1244 1212 1019 1280 1464 1348 1239 1142 1536 1330 1205 1248 1297 1343 1256 1281 1247 1420 1073 1162 1101 1337 1107 1420 1293 1118 1283 1289 1260 1234 1201 1248 1246 1093 1113 1367 1382 1256 1445 1139 1081 1224 1260 1130 1162 1323 1021
1220 1516 1445 1537 1414 1333 1557 1476 1327 1416 1281 1545 1363 1463 1553 1334 1676 1429 1394 1086 1351 1584 1395 1412 1180 1642 1348 1478 1385 1304 1614 1329 1481 1303 1558 1262 1368 1195 1575 1244 1458 1441 1255 1327 1407 1398 1512 1409 1382 1380 1493 1142 1425 1472 1429 1496 1399 1097 1184 1224 1369 1437 1500 1124
919 1308 1139 1239 1105 1096 1166 1075 848 1150 884 1096 1126 1052 1082 1012 1239 1088 1126 732 1118 1296 1081 1020 887 1324 1088 1082 1091 932 1245 1108 1067 1113 1217 955 1116 883 1287 936 1094 1059 982 1041 1017 1231 1001 1036 962 1176 1162 878 1121 1166 1107 1200 1031 862 972 856 1044 1176 1083 856
1205 1229 1520 1449 1315 1281 1298 1462 1087 1311 1320 1441 1305 1362 1447 1387 1460 1254 1432 1055 1384 1489 1227 1299 1243 1476 1350 1462 1312 1441 1532 1359 1377 1281 1553 1149 1232 1196 1533 1110 1296 1460 1311 1243 1313 1361 1359 1376 1309 1411 1366 1206 1371 1472 1324 1463 1283 1185 1044 1053 1301 1386 1372 1139
1235 1441 1628 1480 1324 1382 1646 1512 1269 1292 1118 1579 1350 1332 1715 1436 1490 1382 1386 1030 1475 1471 1282 1351 1269 1569 1468 1415 1328 1464 1563 1352 1277 1293 1534 1265 1204 1085 1478 1231 1578 1520 1231 1366 1437 1387 1377 1343 1380 1446 1414 1242 1409 1442 1307 1432 1327 1173 1322 1254 1269 1536 1462 1153
1400 1579 1598 1592 1482 1362 1628 1534 1238 1413 1321 1671 1521 1371 1437 1452 1561 1405 1615 1024 1394 1794 1369 1471 1297 1701 1358 1590 1500 1513 1670 1439 1489 1461 1845 1282 1486 1376 1600 1235 1446 1444 1388 1521 1387 1538 1605 1464 1488 1520 1496 1317 1546 1468 1454 1532 1369 1140 1321 1265 1398 1406 1560 1369
1190 1426 1456 1334 1272 1268 1489 1464 1219 1400 1175 1478 1353 1221 1523 1384 1453 1365 1439 1004 1280 1440 1384 1251 1260 1578 1336 1289 1261 1399 1464 1324 1267 1338 1616 1209 1162 1269 1488 1119 1384 1428 1227 1403 1277 1370 1325 1232 1396 1244 1192 1236 1446 1491 1387 1374 1306 1024 1349 1072 1422 1364 1471 1173
1334 1610 1549 1670 1393 1344 1658 1509 1373 1383 1163 1588 1391 1516 1635 1374 1657 1401 1423 1169 1448 1691 1341 1419 1162 1594 1309 1428 1392 1423 1665 1344 1527 1477 1627 1234 1444 1252 1526 1297 1527 1387 1261 1415 1409 1532 1423 1498 1525 1386 1417 1328 1548 1580 1425 1552 1304 1093 1321 1327 1460 1510 1539 1181
1354 1380 1545 1524 1328 1385 1570 1492 1297 1351 1295 1470 1403 1341 1623 1367 1482 1383 1492 1045 1330 1540 1415 1362 1242 1517 1322 1425 1346 1496 1554 1300 1350 1360 1441 1243 1186 1166 1483 1135 1515 1500 1189 1377 1378 1440 1478 1355 1449 1401 1357 1279 1430 1424 1375 1530 1382 1100 1296 1190 1337 1429 1502 1234
1200 1467 1597 1493 1510 1321 1529 1508 1298 1444 1282 1591 1316 1387 1619 1386 1489 1336 1488 1052 1406 1647 1459 1391 1099 1597 1436 1404 1388 1416 1579 1300 1350 1447 1670 1253 1301 1277 1601 1177 1351 1485 1322 1484 1426 1416 1282 1440 1345 1344 1354 1226 1488 1563 1436 1584 1223 1150 1184 1191 1357 1393 1509 1296
1136 1192 1493 1363 1240 1097 1298 1230 1118 1109 1079 1318 1178 1143 1342 1313 1326 1160 1317 846 1276 1384 1156 1221 1102 1303 1180 1370 1192 1238 1337 1231 1212 1178 1287 992 1063 1055 1331 1108 1306 1253 1105 1156 1157 1278 1221 1209 1166 1224 1235 1103 1250 1407 1276 1413 1120 1085 1145 1044 1193 1255 1290 1125
1275 1336 1332 1406 1271 1203 1328 1383 1091 1222 1155 1510 1323 1280 1375 1382 1403 1373 1340 1042 1312 1532 1168 1197 1214 1454 1259 1338 1210 1525 1541 1416 1332 1347 1555 1070 1319 1137 1543 1063 1360 1339 1138 1356 1358 1316 1353 1268 1364 1372 1222 1151 1388 1385 1241 1539 1164 1140 1159 1182 1334 1308 1324 1110
1177 1244 1446 1396 1269 1163 1331 1273 1212 1218 1076 1453 1165 1298 1336 1108 1349 1305 1239 887 1296 1359 1236 1268 996 1349 1241 1378 1311 1340 1343 1169 1181 1212 1462 1056 1149 1082 1403 1049 1329 1318 1107 1216 1187 1278 1177 1315 1266 1236 1128 1192 1284 1351 1197 1296 1116 874 1130 939 1213 1182 1242 1121
1203 1609 1477 1513 1489 1417 1559 1454 1360 1357 1223 1637 1495 1363 1637 1417 1475 1500 1587 1006 1292 1652 1573 1292 1190 1630 1520 1478 1506 1466 1593 1409 1451 1475 1713 1319 1353 1255 1582 1192 1484 1518 1161 1544 1437 1528 1394 1389 1476 1333 1551 1386 1603 1521 1462 1577 1378 1128 1392 1255 1560 1421 1551 1332
1317 1329 1445 1489 1315 1207 1447 1464 1254 1225 1170 1518 1248 1191 1479 1297 1446 1282 1383 1041 1227 1394 1372 1186 1255 1522 1279 1272 1222 1397 1433 1343 1274 1247 1438 1038 1127 1091 1525 1206 1319 1289 1197 1274 1326 1286 1378 1335 1282 1352 1354 1113 1364 1373 1389 1492 1212 1173 1272 1107 1276 1285 1339 1308
1279 1286 1281 1380 1279 1338 1470 1381 1074 1214 1192 1450 1303 1309 1387 1116 1445 1311 1310 1015 1279 1455 1256 1223 1076 1518 1350 1266 1273 1288 1513 1316 1340 1221 1393 1068 1289 1118 1484 1134 1264 1315 1102 1295 1294 1167 1117 1394 1260 1369 1319 1152 1453 1319 1255 1365 1309 997 1085 1048 1170 1288 1216 1155
1373 1520 1605 1580 1226 1401 1497 1470 1277 1344 1283 1515 1345 1367 1517 1439 1546 1287 1432 1158 1391 1633 1384 1451 1318 1574 1320 1551 1280 1396 1521 1357 1438 1276 1522 1110 1372 1167 1402 1307 1460 1497 1271 1233 1343 1451 1349 1395 1434 1522 1363 1163 1479 1512 1473 1513 1259 1248 1281 1148 1372 1323 1431 1082
1155 1321 1339 1269 1178 1109 1433 1380 1056 1242 1191 1265 1343 1264 1334 1317 1416 1100 1262 1048 1254 1461 1159 1246 1187 1572 1188 1233 1121 1304 1518 1169 1328 1261 1434 1160 1213 1124 1367 1083 1250 1292 1136 1305 1208 1313 1356 1239 1271 1221 1369 1033 1362 1373 1204 1314 1296 945 1061 1058 1223 1205 1426 1029
1113 1325 1342 1366 1268 1225 1336 1339 1139 1185 1092 1363 1373 1363 1390 1180 1382 1172 1315 985 1206 1433 1250 1148 1089 1447 1328 1137 1323 1319 1433 1258 1222 1277 1455 1124 1257 1149 1455 1016 1244 1220 1142 1237 1334 1333 1201 1335 1312 1389 1175 1125 1377 1303 1320 1399 1212 1009 1146 1071 1243 1307 1244 1117
1163 1403 1397 1364 1306 1251 1449 1470 1146 1263 1207 1487 1247 1319 1491 1288 1330 1261 1243 1127 1252 1509 1296 1291 1178 1479 1379 1467 1237 1365 1400 1315 1338 1290 1573 1135 1183 1295 1471 1039 1328 1384 1116 1377 1435 1288 1427 1372 1420 1305 1302 1215 1384 1385 1271 1465 1204 1021 1147 1173 1188 1289 1352 1051
1254 1349 1415 1337 1177 1254 1415 1445 1091 1133 1125 1453 1265 1153 1490 1330 1405 1251 1325 1078 1322 1466 1271 1240 1246 1491 1267 1221 1279 1441 1424 1380 1260 1364 1389 1125 1214 1095 1376 1187 1467 1340 1165 1378 1309 1286 1364 1299 1364 1320 1252 1131 1342 1302 1256 1458 1279 1127 1234 1137 1181 1264 1434 1123
1242 1270 1422 1488 1325 1118 1423 1239 1212 1175 1229 1543 1344 1136 1454 1233 1468 1255 1385 1002 1382 1380 1209 1177 1197 1557 1373 1375 1244 1397 1476 1328 1289 1411 1475 1236 1249 1158 1513 1191 1521 1233 1114 1339 1218 1401 1350 1304 1350 1379 1297 1184 1526 1422 1194 1352 1247 925 1213 1213 1308 1309 1341 1221
1322 1431 1452 1483 1418 1356 1495 1371 1221 1273 1200 1600 1358 1293 1566 1318 1517 1415 1453 969 1331 1530 1343 1334 1226 1606 1448 1414 1331 1490 1544 1389 1399 1503 1481 1278 1310 1173 1509 1226 1573 1363 1216 1409 1331 1393 1326 1413 1391 1399 1361 1248 1591 1508 1343 1495 1359 1132 1272 1102 1289 1412 1481 1341
1247 1536 1608 1521 1362 1411 1551 1483 1280 1414 1427 1629 1517 1489 1661 1408 1562 1454 1531 1169 1408 1662 1416 1340 1243 1664 1515 1444 1428 1510 1596 1422 1545 1457 1650 1277 1255 1299 1419 1196 1433 1441 1248 1431 1432 1418 1439 1572 1652 1485 1339 1336 1485 1536 1532 1599 1433 1161 1300 1365 1527 1323 1610 1197
1055 1258 1262 1318 1280 1118 1253 1122 1044 1045 1114 1337 1135 1118 1240 1021 1160 1170 1232 941 1225 1311 1183 1143 981 1308 1224 1223 1147 1226 1303 1102 1107 1227 1519 1144 1202 1054 1257 973 1289 1189 968 1258 1222 1236 1087 1153 1171 1298 1117 1153 1377 1232 1174 1259 1087 743 1120 1086 1160 1114 1088 973
1069 1289 1341 1244 1171 980 1362 1316 1081 1122 1066 1406 1213 1260 1474 1193 1331 1203 1323 1048 1257 1373 1166 1196 1087 1477 1286 1287 1252 1361 1368 1265 1306 1265 1501 1048 1179 1071 1313 1052 1312 1216 1096 1287 1225 1215 1225 1354 1348 1194 1192 961 1319 1265 1268 1328 1044 1041 1039 1079 1248 1262 1336 1012
1212 1284 1211 1389 1314 1219 1257 1285 1114 1202 1088 1332 1179 1183 1299 1078 1324 1363 1176 1025 1144 1367 1273 1136 1062 1406 1213 1173 1195 1333 1462 1275 1263 1139 1293 1025 1171 942 1331 955 1257 1266 1073 1174 1214 1271 1273 1276 1134 1304 1199 1008 1197 1240 1253 1442 1286 971 1072 1009 1104 1275 1212 1075
1135 1291 1397 1431 1211 1273 1361 1204 1176 1173 1096 1441 1296 1230 1469 1186 1502 1231 1308 880 1224 1343 1128 1253 1105 1472 1380 1204 1114 1230 1370 1159 1101 1172 1410 1059 1024 980 1317 1129 1366 1319 1143 1181 1233 1285 1181 1275 1129 1393 1184 1105 1334 1339 1238 1244 1138 1048 1163 984 1122 1180 1284 1187
1276 1529 1563 1506 1425 1489 1528 1483 1260 1456 1227 1600 1446 1320 1595 1486 1525 1442 1441 1056 1358 1719 1435 1397 1242 1643 1394 1425 1441 1488 1535 1415 1453 1401 1576 1266 1367 1274 1544 1127 1433 1420 1346 1396 1375 1459 1469 1313 1435 1423 1275 1254 1524 1538 1580 1542 1313 1116 1415 1218 1397 1379 1548 1309
1404 1382 1531 1535 1242 1299 1569 1584 1226 1326 1354 1533 1347 1270 1508 1353 1479 1302 1514 1200 1452 1510 1372 1306 1236 1720 1330 1408 1327 1483 1583 1411 1370 1292 1563 1203 1311 1235 1484 1158 1433 1401 1197 1369 1322 1425 1406 1357 1398 1432 1292 1187 1431 1494 1265 1432 1390 1049 1236 1225 1283 1311 1448 1150
1347 1549 1675 1583 1480 1437 1606 1596 1306 1417 1293 1636 1458 1491 1665 1540 1622 1487 1577 1090 1422 1694 1395 1449 1406 1658 1518 1605 1428 1522 1693 1540 1552 1398 1720 1247 1303 1247 1561 1308 1454 1599 1346 1347 1456 1448 1560 1428 1527 1553 1590 1279 1512 1633 1614 1610 1451 1247 1310 1201 1500 1527 1483 1323
