1530 1529 1438 1590 1149 1252 1421 1512 1362 1291 1292 1401 1509 1398 1524 1330 1587 1176 1402 1386 1519 1554 1278 1388 1218 1265 1420 1295 1480 1339 1370 1321 1195 1654 1251 1400 1451 1495 1531 1448 1433 1524 1278 1312 1360 1544 1566 1166 1370 1368 1453 1384 1277 1368 1302 1379 1487 1404 1543 1146 1517 1446 1141 1296
1177 1467 1329 1383 1027 1224 1348 1253 1172 1012 1141 1314 1175 1166 1257 1243 1443 1111 1129 1200 1227 1320 1221 1281 1084 1154 1269 1241 1259 1252 1243 1129 1152 1457 1142 1169 1278 1299 1324 1128 1253 1285 1115 1185 1212 1381 1310 1126 1260 1127 1253 1235 1247 1302 1161 1244 1236 1247 1378 1021 1444 1303 1070 1102
1206 1236 1254 1343 1194 1121 1229 1330 1192 1199 1208 1239 1257 1161 1291 1100 1285 1137 1048 1257 1282 1340 1029 1263 1109 1048 1179 949 1208 1372 1314 1191 1047 1252 1065 1231 1315 1397 1266 1163 1197 1247 1146 1249 1232 1231 1366 1032 1115 1050 1204 1095 955 1090 1178 1352 1175 1031 1241 953 1249 1323 1152 1199
1207 1376 1511 1449 1280 1196 1371 1523 1164 1258 1167 1352 1420 1130 1498 1182 1405 1269 1191 1269 1395 1507 1196 1318 1185 1234 1327 1232 1260 1440 1306 1234 1099 1469 1184 1312 1372 1510 1419 1172 1316 1417 1296 1309 1330 1317 1473 1136 1235 1288 1329 1388 1193 1276 1357 1375 1193 1290 1393 984 1522 1394 1301 1375
1423 1399 1343 1597 1381 1353 1471 1456 1390 1469 1432 1406 1590 1211 1663 1484 1632 1206 1272 1436 1460 1564 1311 1526 1221 1383 1430 1180 1455 1503 1553 1336 1296 1566 1431 1459 1502 1485 1630 1386 1508 1584 1354 1510 1362 1456 1552 1299 1367 1305 1364 1247 1255 1340 1408 1602 1323 1338 1439 1127 1580 1561 1329 1490
1348 1458 1492 1429 1128 1268 1249 1429 1230 1363 1354 1384 1344 1124 1453 1301 1387 1207 1175 1166 1401 1449 1287 1407 1263 1171 1194 1171 1347 1370 1440 1251 1139 1470 1118 1304 1363 1436 1340 1284 1339 1439 1124 1251 1324 1425 1370 1045 1208 1359 1319 1271 1190 1190 1255 1377 1278 1224 1360 1097 1438 1413 1157 1352
1268 1247 1410 1398 1057 1043 1367 1314 1084 1275 1202 1203 1372 1052 1464 1198 1380 1217 1263 1139 1358 1261 1130 1183 1103 1232 1243 1184 1309 1294 1278 1283 1184 1418 1082 1207 1352 1283 1359 1053 1281 1307 1108 1345 1173 1438 1403 1128 1137 1196 1362 1252 1213 1219 1341 1270 1069 1146 1523 945 1455 1267 1188 1273
1210 1506 1402 1486 1372 1307 1508 1404 1199 1283 1177 1315 1365 1148 1519 1270 1435 1244 1226 1367 1437 1355 1302 1446 1163 1205 1319 1258 1493 1457 1398 1146 1183 1593 1291 1238 1404 1364 1411 1220 1265 1328 1247 1424 1393 1357 1514 1297 1258 1282 1371 1370 1193 1342 1298 1421 1243 1241 1402 1024 1483 1363 1293 1274
1303 1350 1494 1454 1192 1274 1404 1395 1216 1132 1250 1266 1341 1249 1391 1177 1477 1179 1207 1242 1345 1320 1202 1339 1234 1211 1322 1133 1437 1347 1225 1215 1123 1395 1128 1355 1441 1376 1335 1334 1267 1377 1314 1313 1412 1292 1450 1181 1272 1185 1387 1373 1202 1325 1339 1329 1242 1056 1445 967 1483 1312 1212 1203
1389 1443 1445 1519 1268 1300 1343 1327 1285 1375 1254 1468 1382 1160 1508 1381 1386 1191 1286 1346 1397 1560 1172 1334 1268 1188 1356 1169 1360 1361 1403 1245 1187 1491 1148 1399 1302 1418 1464 1304 1391 1499 1300 1296 1447 1508 1382 1252 1332 1353 1369 1310 1243 1250 1298 1393 1303 1271 1529 994 1392 1429 1243 1345
993 1145 1181 1295 1054 1050 1117 1216 1021 1104 1062 1062 1181 953 1227 1069 1263 1090 979 1073 1248 1263 941 1078 1018 1007 1004 1004 1123 1320 1061 1178 1086 1206 1060 1066 1128 1172 1250 1045 1122 1242 1204 1087 1140 1167 1296 1000 1060 1141 1093 1119 1011 1026 1120 1249 985 1149 1321 834 1222 1281 994 1234
1354 1371 1293 1373 1155 1140 1383 1432 1167 1329 1243 1358 1323 1202 1426 1165 1378 1052 1165 1141 1510 1384 1197 1243 1101 1152 1137 1217 1327 1270 1303 1219 1168 1413 1148 1302 1252 1327 1383 1141 1412 1293 1140 1350 1081 1373 1475 1052 1205 1198 1174 1190 1272 1250 1261 1170 1337 1265 1437 1070 1459 1264 1066 1285
1329 1414 1383 1491 1296 1302 1357 1434 1198 1454 1216 1409 1348 1135 1394 1253 1478 1262 1162 1231 1372 1414 1227 1315 1171 1163 1331 1129 1359 1375 1312 1385 1167 1459 1249 1246 1355 1423 1425 1149 1332 1359 1217 1351 1238 1398 1460 1184 1289 1314 1402 1326 1192 1309 1245 1347 1207 1323 1481 1073 1418 1473 1100 1439
1330 1519 1400 1446 1348 1274 1524 1452 1067 1366 1148 1396 1360 1092 1406 1263 1470 1174 1207 1314 1351 1457 1156 1385 1053 1230 1405 1153 1275 1351 1268 1310 1111 1449 1157 1354 1221 1474 1291 1247 1201 1286 1196 1381 1226 1431 1503 1225 1192 1264 1196 1193 1226 1191 1293 1277 1234 1309 1400 998 1529 1389 1189 1264
1156 1356 1376 1397 1154 1175 1302 1400 1043 1274 1116 1443 1304 1102 1333 1159 1264 1169 1119 1147 1253 1395 1172 1296 1073 1157 1188 1117 1150 1347 1411 1276 1096 1434 1130 1208 1185 1253 1222 1139 1153 1220 997 1415 1170 1413 1417 1135 1273 1329 1260 1156 1163 1213 1272 1343 1037 1175 1405 955 1369 1288 1128 1302
1275 1304 1325 1491 1048 1284 1439 1359 1180 1173 1272 1371 1320 1150 1294 1235 1453 1119 1227 1158 1269 1403 1130 1377 1230 1269 1303 1236 1257 1211 1414 1255 1121 1528 1195 1434 1334 1440 1349 1310 1365 1382 1199 1336 1241 1383 1371 1100 1317 1356 1491 1276 1318 1162 1367 1293 1341 1312 1473 982 1545 1365 1160 1267
1353 1515 1561 1508 1252 1353 1516 1365 1241 1283 1255 1508 1462 1281 1546 1328 1443 1327 1236 1306 1585 1465 1336 1374 1302 1306 1399 1199 1463 1431 1366 1473 1168 1584 1251 1365 1399 1476 1444 1372 1486 1476 1341 1401 1413 1522 1469 1333 1370 1382 1392 1358 1293 1392 1355 1474 1285 1346 1650 1077 1513 1381 1362 1448
1267 1305 1380 1444 1127 1082 1268 1351 1311 1340 1245 1345 1351 1217 1350 1209 1294 1100 1072 1142 1521 1358 1255 1136 1156 1218 1194 1193 1377 1332 1272 1244 1190 1346 1092 1250 1291 1322 1351 1158 1257 1318 1190 1270 1136 1452 1369 1030 1306 1213 1238 1260 1165 1325 1326 1240 1186 1174 1451 964 1381 1377 1212 1239
1276 1408 1341 1515 1227 1174 1375 1462 1170 1292 1379 1228 1348 1340 1472 1224 1453 1117 1183 1346 1361 1333 1197 1307 1107 1188 1232 1171 1468 1341 1217 1207 1064 1512 1178 1386 1410 1426 1404 1326 1297 1325 1280 1252 1184 1317 1511 1149 1349 1347 1308 1425 1034 1229 1341 1331 1299 1136 1331 1054 1542 1398 1130 1354
1367 1574 1493 1613 1332 1321 1466 1557 1314 1306 1252 1465 1341 1310 1474 1394 1570 1336 1214 1282 1409 1513 1301 1426 1268 1271 1437 1275 1418 1374 1384 1292 1265 1472 1262 1332 1453 1528 1358 1232 1349 1372 1243 1480 1333 1481 1620 1174 1315 1337 1418 1276 1332 1445 1316 1488 1256 1316 1457 1173 1597 1481 1249 1366
1267 1435 1437 1408 1226 1328 1390 1354 1226 1213 1336 1336 1267 1214 1384 1334 1459 1116 1125 1260 1289 1295 1205 1177 1158 1160 1288 1124 1321 1341 1334 1282 1062 1378 1320 1241 1470 1346 1472 1247 1387 1394 1262 1206 1240 1343 1333 1164 1174 1194 1300 1321 1174 1300 1305 1393 1313 1271 1449 1008 1501 1249 1155 1479
1356 1528 1331 1473 1170 1244 1489 1528 1260 1158 1311 1412 1345 1346 1443 1254 1407 1157 1192 1409 1490 1370 1326 1395 1107 1259 1398 1194 1473 1467 1369 1351 1095 1415 1217 1194 1389 1402 1292 1363 1317 1326 1178 1452 1255 1338 1434 1261 1242 1229 1237 1334 1273 1447 1321 1480 1198 1112 1412 1158 1505 1414 1297 1296
1480 1382 1405 1565 1199 1241 1471 1443 1277 1464 1396 1402 1350 1147 1421 1240 1381 1216 1230 1317 1392 1498 1243 1377 1287 1193 1387 1271 1466 1335 1385 1323 1244 1553 1142 1545 1356 1393 1464 1222 1456 1409 1266 1297 1323 1522 1574 1286 1392 1344 1362 1347 1270 1200 1305 1349 1245 1257 1502 950 1527 1466 1192 1392
1557 1549 1532 1478 1155 1331 1531 1612 1288 1362 1426 1360 1514 1450 1615 1296 1491 1258 1280 1329 1524 1489 1362 1379 1294 1345 1559 1251 1540 1307 1382 1409 1135 1596 1198 1328 1540 1571 1588 1458 1546 1471 1275 1383 1351 1447 1536 1214 1274 1402 1452 1440 1326 1455 1454 1401 1297 1322 1396 1075 1579 1405 1206 1419
1524 1654 1662 1775 1345 1500 1568 1664 1469 1508 1603 1635 1609 1389 1650 1447 1671 1398 1364 1420 1525 1600 1402 1580 1407 1442 1488 1483 1548 1492 1541 1368 1460 1776 1366 1433 1657 1724 1602 1479 1437 1643 1379 1610 1500 1641 1723 1185 1481 1465 1466 1451 1305 1557 1432 1534 1321 1415 1640 1230 1601 1583 1400 1419
1315 1339 1410 1506 1091 1219 1470 1442 1108 1222 1254 1311 1275 1217 1369 1179 1372 1146 1317 1228 1432 1337 1241 1225 1166 1138 1328 1191 1378 1271 1278 1273 1099 1516 1105 1266 1319 1317 1439 1170 1340 1427 1275 1250 1209 1332 1417 1127 1147 1206 1345 1346 1137 1376 1322 1300 1298 1253 1396 1026 1379 1377 1074 1292
1128 1397 1407 1290 1155 1211 1316 1104 1116 1161 1170 1235 1222 1187 1348 1255 1327 1178 1170 1140 1306 1337 1166 1213 1130 1137 1150 1039 1318 1269 1239 1177 1115 1447 1107 1194 1272 1315 1341 1285 1272 1309 1158 1199 1261 1331 1251 1170 1220 1132 1189 1228 1155 1340 1260 1290 1138 1125 1305 993 1338 1296 1148 1220
1090 1383 1296 1314 1064 1250 1196 1225 1108 1017 1119 1290 1181 993 1144 1133 1266 1043 1067 1079 1231 1301 1147 1201 1124 1109 1131 1124 1226 1189 1195 1155 1031 1394 1044 1088 1267 1256 1170 1096 1115 1298 1076 1173 1185 1291 1249 972 1122 1149 1168 1154 1080 1193 1101 1253 1112 1148 1250 917 1255 1217 1097 1237
1254 1413 1433 1412 1145 1222 1328 1321 1303 1247 1275 1249 1411 1039 1364 1135 1476 1214 1020 1293 1469 1309 1331 1317 1155 1169 1195 1113 1476 1446 1232 1305 1156 1388 1185 1240 1372 1324 1451 1319 1297 1347 1288 1208 1296 1368 1457 1157 1211 1089 1309 1379 1128 1265 1240 1349 1201 1171 1401 1055 1318 1314 1161 1339
1201 1324 1344 1367 1060 1179 1274 1220 1168 1169 1297 1289 1346 1146 1319 1293 1338 1130 1114 1132 1299 1423 1247 1339 1129 1199 1361 1082 1311 1192 1408 1376 1112 1407 1207 1322 1290 1314 1270 1109 1305 1349 1200 1314 1227 1488 1297 1112 1311 1268 1292 1108 1234 1122 1276 1409 1214 1198 1275 1022 1475 1309 1182 1201
1133 1191 1273 1338 1001 1133 1242 1212 1162 1181 1258 1175 1189 1078 1286 1068 1362 1074 1071 1150 1122 1204 1045 1096 1040 1118 1054 880 1170 1166 1213 1068 1179 1253 1056 1209 1209 1185 1307 1023 1123 1219 1075 1152 1162 1219 1320 1003 1070 1011 1158 1017 915 1115 1137 1199 1128 1111 1228 832 1212 1152 967 1159
1319 1346 1400 1482 1199 1265 1356 1481 1342 1210 1242 1392 1433 1333 1624 1297 1493 1207 1195 1226 1488 1342 1203 1316 1137 1446 1155 1225 1405 1475 1449 1279 1196 1431 1211 1259 1440 1410 1472 1294 1307 1413 1175 1409 1263 1438 1502 1105 1246 1257 1439 1263 1192 1376 1359 1374 1360 1287 1617 1112 1444 1422 1298 1314
1441 1415 1524 1584 1172 1366 1445 1469 1424 1238 1527 1476 1465 1435 1466 1251 1452 1244 1219 1339 1483 1560 1406 1417 1282 1269 1265 1185 1479 1476 1460 1369 1259 1514 1207 1374 1517 1476 1505 1327 1434 1472 1293 1462 1429 1468 1606 1170 1441 1375 1514 1305 1168 1342 1471 1414 1345 1283 1596 1171 1466 1461 1347 1399
1393 1445 1467 1509 1239 1329 1489 1408 1146 1355 1349 1421 1456 1233 1479 1345 1421 1219 1275 1228 1395 1456 1301 1415 1196 1385 1427 1254 1356 1256 1362 1287 1278 1639 1187 1335 1379 1342 1456 1331 1316 1377 1272 1466 1336 1501 1480 1245 1255 1312 1335 1416 1208 1338 1450 1393 1236 1296 1384 1050 1457 1425 1294 1375
1422 1531 1549 1520 1334 1287 1487 1549 1219 1225 1173 1474 1356 1287 1326 1246 1460 1273 1244 1231 1463 1492 1247 1321 1265 1027 1324 1172 1302 1455 1360 1264 1149 1421 1250 1441 1412 1317 1351 1224 1361 1412 1286 1303 1236 1383 1610 1166 1290 1157 1358 1296 1131 1302 1305 1369 1398 1355 1496 1001 1477 1425 1148 1349
1525 1523 1437 1570 1225 1322 1525 1486 1265 1403 1373 1397 1578 1326 1587 1222 1561 1262 1406 1405 1538 1572 1210 1375 1138 1238 1545 1187 1506 1433 1350 1432 1124 1562 1210 1389 1514 1537 1491 1302 1468 1547 1309 1334 1350 1455 1560 1316 1206 1294 1389 1409 1138 1321 1330 1444 1409 1209 1458 998 1554 1445 1067 1363
1177 1183 1160 1368 1006 944 1265 1301 1117 1133 1085 1172 1304 1084 1317 1075 1328 1135 1138 1132 1213 1239 1141 1120 1016 1003 1287 1073 1300 1171 1217 1000 1072 1317 1148 1252 1234 1324 1235 1045 1303 1256 1142 1288 1017 1273 1446 996 1141 1135 1211 1192 1033 1134 1107 1261 1117 1042 1312 920 1417 1191 978 1174
1307 1467 1540 1611 1260 1371 1424 1335 1320 1248 1259 1388 1336 1172 1509 1320 1457 1339 1151 1368 1457 1485 1323 1479 1170 1349 1479 1221 1480 1457 1328 1305 1198 1561 1197 1275 1433 1437 1575 1349 1382 1504 1321 1325 1416 1498 1518 1229 1259 1341 1365 1417 1328 1409 1360 1447 1199 1189 1459 1095 1488 1505 1261 1347
1348 1392 1358 1469 1249 1234 1388 1251 1123 1309 1245 1222 1296 1177 1371 1294 1403 1260 1232 1161 1431 1301 1159 1286 1156 1111 1335 1198 1473 1372 1276 1220 1225 1577 1225 1313 1391 1357 1357 1286 1361 1354 1315 1320 1267 1482 1482 1104 1223 1338 1309 1319 1216 1338 1370 1441 1294 1146 1360 984 1411 1327 1057 1323
1095 1240 1241 1178 1075 1086 1175 1150 1190 1129 1054 1191 1166 939 1198 1096 1123 965 925 1175 1159 1247 978 1172 918 1185 1273 996 1264 1232 1051 1097 1017 1161 916 1130 1080 1183 1162 1100 1058 1120 1057 1017 1179 1150 1128 1002 1057 1004 1206 1179 1092 1137 1181 1170 1042 896 1183 887 1229 1219 1086 1090
1257 1402 1477 1420 1259 1229 1497 1378 1262 1180 1293 1401 1322 1274 1246 1304 1417 1211 1242 1251 1416 1437 1439 1272 1110 1087 1288 1258 1430 1328 1242 1224 1111 1430 1174 1207 1408 1523 1239 1257 1462 1421 1278 1332 1322 1409 1491 1125 1314 1126 1351 1198 1244 1340 1446 1401 1189 1271 1401 1014 1426 1366 1263 1225
1249 1363 1402 1395 1220 1179 1397 1273 1153 1295 1190 1253 1430 1210 1422 1185 1445 1275 1197 1293 1432 1439 1251 1269 1122 1204 1318 1091 1426 1439 1197 1272 1130 1484 1184 1292 1357 1345 1423 1267 1339 1440 1230 1303 1347 1303 1409 1219 1118 1083 1267 1260 1168 1358 1332 1331 1245 1210 1391 844 1357 1351 1120 1168
1085 1281 1342 1277 1206 1174 1298 1239 1223 1094 1054 1245 1214 1140 1240 1097 1298 1043 1107 1203 1275 1308 1205 1208 1064 1080 1154 1096 1371 1263 1105 1093 954 1293 1048 1150 1273 1425 1299 1188 1268 1329 1187 1071 1271 1150 1388 1009 1171 1069 1272 1250 1072 1261 1218 1184 1175 1064 1356 958 1369 1274 1167 1117
1284 1267 1355 1405 1057 1139 1265 1391 1167 1096 1180 1147 1284 1035 1331 1107 1311 1068 1176 1309 1322 1291 1169 1403 1093 1146 1362 991 1246 1299 1109 1186 964 1368 928 1273 1306 1303 1305 1155 1254 1384 1222 1179 1359 1158 1306 1125 1089 1183 1217 1322 1106 1079 1282 1261 1152 1076 1203 951 1424 1330 1169 1200
1554 1642 1728 1829 1463 1504 1622 1679 1332 1527 1461 1552 1579 1324 1632 1363 1702 1474 1283 1453 1641 1629 1361 1602 1360 1482 1580 1271 1493 1658 1603 1594 1337 1691 1400 1529 1506 1562 1788 1435 1410 1486 1486 1733 1525 1664 1866 1306 1488 1564 1531 1524 1486 1399 1592 1488 1418 1513 1716 1254 1646 1596 1377 1534
1240 1330 1219 1392 1047 1175 1240 1248 1159 1193 1148 1233 1367 1047 1341 1093 1368 1089 1021 1221 1276 1440 1073 1217 1045 1229 1244 1128 1315 1207 1199 1157 1010 1363 1056 1322 1198 1447 1378 1241 1249 1321 1128 1148 1181 1282 1364 1056 1211 1150 1268 1187 1165 1092 1166 1148 1167 1111 1374 880 1315 1306 1048 1210
1494 1368 1561 1547 1222 1386 1514 1429 1314 1361 1354 1431 1490 1213 1465 1308 1451 1242 1362 1321 1455 1530 1283 1535 1306 1301 1396 1249 1391 1372 1423 1352 1304 1599 1238 1432 1480 1419 1449 1335 1452 1486 1322 1343 1402 1530 1608 1233 1362 1415 1375 1366 1272 1153 1328 1406 1279 1303 1636 1156 1628 1408 1293 1295
1478 1615 1610 1731 1367 1567 1619 1619 1459 1423 1359 1744 1488 1465 1562 1351 1580 1450 1413 1480 1573 1647 1435 1550 1310 1320 1494 1296 1572 1614 1487 1457 1477 1752 1437 1411 1592 1530 1517 1323 1422 1620 1320 1552 1499 1685 1715 1227 1443 1370 1559 1386 1244 1555 1454 1550 1408 1439 1629 1266 1548 1617 1261 1421
1253 1306 1249 1368 1187 1044 1361 1447 1074 1221 1117 1124 1157 1121 1330 1115 1324 1102 1206 1217 1356 1191 1168 1202 1005 1112 1220 1097 1356 1225 1194 1112 1036 1359 1069 1135 1196 1325 1154 1065 1198 1223 1117 1248 1059 1244 1451 999 1091 1149 1184 1196 1046 1310 1142 1192 1106 1160 1271 946 1292 1194 1071 1095
1215 1310 1294 1329 1073 1116 1177 1365 1187 1149 1146 1213 1239 969 1312 1110 1335 1069 1126 1083 1200 1242 1120 1233 1073 1095 1220 1136 1242 1204 1194 1071 1012 1305 1091 1218 1327 1309 1245 1080 1209 1221 1085 1098 1100 1225 1348 976 1097 1175 1358 1314 1012 1099 1104 1173 1142 1145 1409 979 1374 1185 966 1235
1390 1385 1566 1498 1223 1308 1363 1430 1346 1274 1366 1354 1457 1336 1509 1293 1378 1179 1093 1311 1406 1618 1295 1487 1297 1443 1419 1094 1459 1266 1352 1416 1120 1497 1174 1412 1476 1456 1536 1295 1383 1514 1269 1319 1412 1336 1430 1099 1321 1265 1428 1346 1220 1220 1453 1400 1356 1290 1228 1111 1478 1489 1421 1365
1368 1410 1392 1421 1144 1139 1420 1461 1195 1113 1322 1163 1282 1274 1473 1110 1376 1085 1194 1387 1252 1394 1137 1405 1131 1273 1270 994 1320 1277 1335 1211 1026 1392 1034 1340 1324 1372 1395 1190 1300 1332 1166 1249 1245 1124 1501 1085 1311 1084 1257 1233 1147 1177 1386 1237 1218 1100 1248 1110 1319 1362 1288 1146
1529 1640 1549 1719 1409 1366 1552 1712 1448 1559 1525 1515 1673 1444 1609 1480 1687 1357 1507 1513 1613 1749 1493 1598 1496 1251 1490 1327 1688 1569 1533 1483 1347 1658 1289 1536 1688 1626 1627 1325 1604 1669 1486 1531 1468 1507 1730 1423 1488 1377 1521 1417 1253 1442 1470 1705 1412 1456 1655 1183 1614 1675 1324 1463
1381 1459 1415 1624 1273 1300 1264 1313 1309 1386 1249 1424 1384 1237 1412 1414 1612 1274 1174 1337 1367 1454 1291 1341 1158 1309 1361 1070 1426 1309 1348 1232 1075 1442 1173 1349 1482 1490 1455 1260 1337 1475 1164 1395 1330 1505 1480 1101 1255 1271 1382 1261 1260 1385 1262 1418 1345 1272 1447 1083 1462 1338 1110 1340
1262 1329 1166 1380 1155 1157 1158 1364 1046 1087 1189 1221 1124 1059 1322 1161 1303 1108 1092 1223 1282 1235 1061 1273 1100 1169 1238 1041 1218 1343 1172 1297 1012 1328 1013 1288 1278 1280 1158 1000 1124 1181 1177 1339 1221 1270 1314 1171 1238 1277 1249 1232 1245 1187 1174 1284 1144 1195 1341 977 1358 1354 1153 1222
1329 1470 1316 1358 1227 1167 1414 1437 1216 1284 1272 1276 1310 1277 1449 1235 1409 1073 1195 1277 1284 1468 1188 1405 1215 1196 1261 1130 1377 1282 1366 1166 1263 1448 1216 1272 1306 1469 1295 1227 1302 1346 1100 1373 1304 1267 1413 1011 1184 1210 1221 1165 1169 1260 1367 1294 1226 1155 1314 1030 1423 1268 1221 1084
1259 1310 1478 1612 1189 1306 1520 1393 1253 1322 1332 1355 1388 1246 1415 1153 1563 1215 1248 1308 1439 1405 1292 1388 1205 1269 1285 1193 1456 1394 1391 1356 1189 1625 1282 1384 1361 1482 1572 1233 1402 1534 1320 1397 1328 1378 1503 1168 1264 1221 1352 1318 1160 1390 1324 1371 1453 1357 1403 1031 1454 1348 1136 1291
1234 1278 1314 1590 1068 1271 1228 1240 1232 1276 1202 1503 1305 1167 1376 1235 1441 1196 1021 1226 1280 1321 1282 1273 1185 1252 1287 1048 1303 1245 1263 1326 1081 1404 1143 1318 1401 1322 1403 1173 1254 1420 1061 1483 1257 1417 1348 1171 1170 1170 1238 1220 1211 1335 1182 1323 1091 1064 1439 1102 1499 1397 1131 1334
1125 1224 1239 1196 1125 1155 1268 1199 1052 1155 1085 1233 1222 1096 1309 1020 1249 1032 1012 1153 1152 1317 1060 1167 1008 942 1052 1044 1154 1196 1135 1056 994 1372 1189 1129 1168 1212 1262 1130 1219 1298 998 1141 1123 1140 1218 924 1020 1033 1102 1065 910 1124 1088 1135 1141 1205 1194 879 1180 1107 945 1127
1439 1438 1444 1580 1134 1306 1464 1513 1387 1225 1229 1532 1379 1228 1541 1220 1540 1129 1322 1296 1552 1335 1185 1327 1185 1288 1245 1285 1407 1511 1536 1343 1282 1512 1238 1318 1340 1389 1348 1348 1255 1437 1251 1332 1291 1574 1469 1177 1406 1394 1415 1330 1280 1343 1261 1329 1397 1252 1654 1197 1564 1487 1259 1344
1146 1238 1465 1547 1066 1203 1303 1209 1194 1200 1267 1224 1277 966 1296 1213 1393 1224 1041 1192 1185 1373 1030 1326 1135 1251 1367 1115 1231 1271 1307 1299 1170 1319 1185 1200 1392 1268 1454 1049 1163 1383 1184 1201 1203 1339 1377 1076 1112 1142 1212 1177 1099 1077 1165 1349 1093 1138 1360 1013 1460 1332 1097 1299
1311 1314 1322 1474 1234 1279 1298 1253 1156 1333 1207 1246 1328 958 1428 1194 1423 1260 1073 1234 1230 1482 1086 1365 1119 1157 1349 1112 1287 1284 1142 1135 1303 1494 1257 1278 1302 1261 1452 1226 1305 1342 1215 1296 1320 1416 1457 1125 1157 1291 1276 1327 1133 1191 1213 1294 1078 1247 1336 928 1325 1243 932 1466
1207 1339 1312 1366 1105 1173 1353 1325 1160 1099 1131 1273 1282 1143 1325 1106 1393 1078 1138 1244 1409 1259 1217 1221 1067 1110 1194 1132 1358 1272 1164 1200 1101 1489 1072 1273 1284 1319 1299 1196 1257 1245 1242 1239 1228 1345 1454 1145 1220 1125 1271 1235 1112 1283 1162 1245 1213 1234 1353 1040 1398 1175 1018 1265
1330 1524 1421 1502 1285 1276 1456 1535 1351 1336 1353 1266 1403 1350 1399 1344 1632 1277 1213 1314 1294 1469 1362 1367 1253 1248 1299 1172 1420 1399 1387 1203 1297 1427 1241 1271 1486 1569 1425 1256 1366 1419 1213 1551 1313 1355 1587 1095 1212 1246 1352 1248 1312 1382 1494 1447 1185 1334 1401 1041 1526 1389 1280 1253
