0 56 0 0 45 36 2 19 28 28 0 0 2 38 0 0 0 0 0 0 0 0 14 0 0 0 53 0 28 27 0 0 0 0 0 0 0 0 42 0 2 72 0 0 0 0 2 68 30 5 0 12 42 3 0 0 8 0 0 0 0 27 24 0
12 14 0 0 36 0 20 0 0 0 0 0 32 0 0 0 0 0 8 20 36 32 8 42 0 0 14 0 6 99 0 0 0 0 0 24 18 0 0 46 0 96 28 24 12 62 0 0 9 86 0 0 0 0 0 0 0 0 27 0 0 0 0 0
0 0 72 45 0 0 15 0 0 0 0 0 0 0 0 72 0 0 0 0 0 10 48 0 0 0 0 0 0 48 0 0 0 0 0 0 0 24 0 40 0 40 0 0 0 0 56 0 8 0 16 0 0 0 0 0 0 25 0 0 5 20 0 0
0 0 0 0 0 0 18 82 0 63 0 0 0 0 0 0 0 18 0 0 0 0 58 0 6 0 0 48 0 0 0 0 0 0 0 0 0 0 0 0 0 0 0 0 64 0 0 4 70 0 0 24 0 0 0 0 0 0 0 0 0 9 0 72
0 0 4 0 0 0 6 4 0 8 0 0 0 3 0 10 0 0 0 0 0 0 49 0 14 0 0 49 8 7 0 0 0 0 0 0 0 0 0 0 1 6 2 6 56 0 0 0 61 0 1 29 0 0 0 0 18 0 0 10 8 0 0 4
40 0 0 0 102 24 88 0 1 45 0 0 0 39 0 0 0 0 0 0 25 0 0 0 0 0 15 3 0 64 0 0 0 0 0 0 0 0 0 4 0 60 35 0 8 0 0 0 6 0 0 32 0 0 20 3 0 0 4 0 18 15 0 5
28 0 20 6 0 90 8 2 57 7 6 74 0 73 4 0 50 24 0 11 0 0 4 24 0 0 23 59 0 35 35 32 0 0 0 16 0 9 0 0 20 0 97 15 6 6 2 20 26 20 5 118 0 14 40 15 34 14 89 18 0 0 45 0
0 8 0 0 5 0 40 0 0 25 0 0 35 25 0 0 45 0 0 35 66 56 0 0 21 0 83 9 0 0 20 0 40 0 0 42 0 25 0 40 0 5 49 0 0 14 0 0 0 128 0 45 0 0 72 0 0 0 81 15 0 0 0 0
0 0 0 18 0 0 18 0 0 0 0 0 0 0 0 0 0 30 0 0 0 0 0 0 46 0 0 0 0 48 54 18 0 0 0 0 0 0 30 72 0 0 0 0 81 0 0 0 0 117 0 45 0 0 72 0 72 0 81 54 0 0 0 0
32 0 25 0 69 42 24 3 0 36 0 0 15 45 0 18 0 0 0 15 47 24 18 1 0 0 57 1 0 36 0 0 0 1 0 18 0 7 6 0 7 83 128 0 0 6 14 39 76 24 4 8 0 0 5 0 6 0 10 5 9 39 5 0
48 0 27 0 36 0 0 1 0 54 24 72 42 0 16 27 72 0 28 0 30 0 20 12 0 0 70 0 0 18 0 24 0 0 30 64 0 9 0 0 0 0 42 70 42 0 21 52 9 0 6 24 20 56 54 0 8 56 0 0 0 18 0 12
0 36 45 0 41 57 40 76 56 86 12 0 10 11 0 0 42 0 25 10 19 25 0 12 36 0 9 32 9 23 40 18 18 12 42 30 10 8 17 64 0 41 16 0 88 34 54 0 5 43 32 0 0 12 0 0 0 0 22 48 45 6 0 48
56 0 60 6 42 0 0 0 0 63 0 0 0 0 0 0 0 0 0 8 35 72 0 0 0 0 21 0 0 80 22 0 0 0 0 0 18 0 10 16 0 0 49 0 0 20 80 0 0 0 16 0 0 0 0 0 0 16 0 0 24 21 20 0
0 8 34 0 0 36 48 4 0 26 18 0 35 0 0 0 0 0 2 28 0 68 0 0 40 41 50 35 48 66 30 32 52 0 0 10 24 54 0 104 0 48 56 0 84 57 55 0 6 6 54 14 0 0 0 0 0 0 18 42 105 105 50 0
0 0 0 0 0 18 8 10 0 20 0 0 49 37 0 0 0 0 93 0 0 0 0 9 0 0 17 0 20 0 2 27 8 54 35 0 0 45 63 0 0 0 37 70 49 0 0 0 0 0 0 47 15 54 78 0 0 0 39 0 0 0 20 14
0 0 0 0 0 0 10 0 0 0 0 0 0 0 0 0 0 0 0 20 0 0 0 0 0 0 0 0 0 0 0 0 0 0 0 0 72 0 0 64 0 0 40 0 15 15 5 0 0 25 0 35 0 0 0 0 40 64 0 0 0 0 0 0
0 0 0 0 24 0 0 0 0 9 0 42 0 0 0 5 0 18 55 24 0 0 27 21 28 0 21 0 0 0 0 66 0 0 0 0 0 0 0 0 0 9 0 49 0 0 0 0 0 0 0 42 35 18 0 0 9 0 12 5 4 0 0 0
0 0 105 36 0 60 26 63 63 91 8 0 6 30 9 73 54 0 0 36 0 8 48 6 34 12 42 6 8 42 60 8 0 0 0 1 26 25 30 112 0 80 72 0 27 27 58 0 7 0 14 72 0 0 0 21 54 20 0 58 19 58 22 56
18 28 35 0 0 0 30 14 0 68 0 0 0 55 0 0 72 0 7 0 0 0 0 63 24 0 63 0 9 81 16 0 14 0 0 14 0 0 0 109 0 30 10 66 0 0 42 0 25 166 0 72 0 0 64 0 0 0 72 24 0 0 0 20
0 0 0 0 0 0 0 4 0 0 0 0 14 0 21 0 0 0 0 0 0 0 22 0 0 0 0 0 0 0 0 0 0 0 0 0 56 0 0 56 0 0 0 0 0 0 0 16 24 0 0 0 0 0 0 49 0 0 0 0 0 0 14 0
42 28 0 0 32 0 24 0 12 12 18 0 29 0 0 0 111 0 24 37 9 8 52 54 28 0 34 36 0 44 0 0 0 0 54 6 0 0 0 32 0 15 7 0 24 2 0 0 0 8 0 0 0 24 0 0 0 0 16 0 72 0 0 0
0 88 0 0 168 0 40 8 32 45 0 0 14 59 0 0 81 0 0 0 18 0 28 0 53 0 143 91 0 0 18 0 0 0 0 0 0 72 48 72 14 15 81 0 32 0 14 24 0 0 64 81 48 0 0 0 0 0 0 27 0 0 0 72
45 0 0 0 0 48 16 72 2 120 0 0 28 14 0 0 0 0 64 72 0 0 25 0 16 0 0 6 89 0 24 0 0 0 20 43 16 32 0 72 0 12 0 52 44 0 0 0 12 0 0 0 0 0 36 6 0 0 0 0 56 129 0 122
0 0 0 0 0 0 0 0 0 0 0 0 8 8 0 0 0 0 0 0 0 0 16 0 0 0 32 0 0 0 0 0 0 0 0 0 0 0 0 0 8 0 0 0 0 0 8 0 0 0 0 0 0 0 0 0 0 0 0 0 0 0 0 0
56 0 0 27 42 103 42 0 54 63 0 15 0 21 0 5 0 54 0 0 107 0 0 88 18 0 21 0 0 15 0 0 0 8 0 0 0 0 8 9 139 42 63 42 35 0 10 0 35 7 0 1 0 0 81 0 18 5 0 0 0 21 33 28
16 0 0 24 12 0 0 0 0 38 0 64 0 20 0 0 36 0 8 6 10 0 0 0 32 0 52 0 0 125 44 10 0 0 0 0 14 0 20 72 30 56 14 30 45 42 0 0 7 64 0 36 0 8 0 30 0 0 21 78 48 6 64 0
0 0 0 27 0 0 0 0 5 0 0 0 14 35 0 0 0 0 0 0 0 0 0 0 0 0 0 15 0 72 81 0 0 0 10 0 0 0 45 20 0 30 0 14 54 0 0 0 30 0 0 0 0 0 18 15 0 0 0 0 0 0 0 29
63 0 0 27 0 0 9 0 18 0 0 0 0 0 0 0 72 0 0 0 0 6 0 54 0 0 9 54 0 0 0 0 0 0 0 0 0 0 0 24 0 24 0 0 0 0 0 0 0 0 0 0 0 0 0 0 0 15 0 0 3 12 0 0
0 0 63 0 40 32 32 0 0 0 0 0 0 32 0 63 0 36 0 0 0 0 42 0 12 0 40 0 0 146 0 0 0 0 0 0 0 21 0 0 0 68 0 0 0 0 49 24 7 0 14 0 0 8 0 0 0 0 0 0 12 24 64 0
28 0 7 0 0 0 0 2 8 4 24 72 0 0 16 0 104 0 7 2 0 0 0 27 0 0 47 24 4 0 1 6 0 0 0 64 0 0 0 0 0 0 0 7 0 5 8 48 0 0 0 7 5 56 0 0 8 56 0 0 6 0 5 0
0 0 0 12 0 0 0 0 0 0 0 0 0 0 0 0 0 30 0 6 0 0 0 0 10 0 18 0 0 0 0 0 0 0 0 0 0 0 0 0 30 0 0 30 0 0 0 0 0 0 0 0 0 0 0 30 0 0 0 36 0 0 0 0
0 48 39 0 0 48 10 0 24 3 0 0 0 56 0 0 0 0 0 10 0 0 0 0 2 0 0 7 8 7 8 0 0 0 0 1 2 4 36 8 1 0 0 0 0 25 40 18 0 89 1 87 36 0 99 0 40 0 79 0 37 7 25 0
56 0 0 0 76 6 28 36 23 44 6 42 0 0 4 0 82 0 13 40 0 0 45 48 35 0 18 48 0 8 5 0 0 0 0 16 0 0 0 0 0 39 0 0 0 0 0 12 0 24 0 0 0 44 0 0 2 14 20 0 18 4 0 32
0 96 7 0 0 0 74 0 20 0 0 0 48 6 0 0 0 0 32 2 0 0 32 0 0 0 112 0 0 40 15 0 56 0 0 0 63 41 30 120 0 0 42 0 48 5 8 15 0 45 0 45 30 0 0 0 72 56 54 0 6 0 35 0
0 63 0 18 0 0 0 9 0 0 0 0 84 0 0 0 0 0 36 39 54 48 54 0 0 0 90 0 0 45 0 0 0 0 0 36 0 0 0 72 45 0 42 45 54 12 0 36 54 48 0 0 0 0 0 45 0 0 0 54 0 0 0 0
0 0 0 0 145 0 0 0 0 24 0 0 38 0 12 0 0 18 16 64 9 12 143 0 62 12 0 84 0 0 0 0 0 0 0 0 32 72 0 32 0 24 81 0 72 0 0 0 72 64 36 27 0 48 64 28 0 0 104 0 54 0 20 72
0 42 14 12 36 32 20 12 32 36 0 0 36 0 0 0 0 18 24 0 32 0 56 30 6 24 42 2 0 38 0 0 0 0 0 0 0 0 10 52 72 40 0 0 36 0 0 0 0 0 0 0 0 0 36 0 20 0 0 10 0 0 0 0
0 0 56 0 0 48 16 21 21 64 0 21 63 6 0 0 0 0 0 16 0 0 56 35 0 42 0 0 0 21 13 0 0 0 45 0 0 0 0 0 63 12 58 75 112 40 78 0 52 10 0 10 0 0 81 0 16 7 0 0 48 0 75 26
0 0 105 3 5 17 0 27 24 81 0 0 0 9 0 97 0 0 0 6 9 9 120 7 35 54 0 21 9 123 3 0 0 0 6 0 0 24 3 1 93 0 0 0 0 15 80 0 8 0 19 18 0 6 9 0 47 0 7 25 38 0 63 0
0 0 0 0 36 24 20 4 33 4 8 0 2 48 3 0 0 0 40 0 0 0 2 0 4 12 0 47 0 0 20 13 0 30 0 0 8 28 35 28 0 30 61 0 56 0 0 0 30 0 32 0 0 30 0 22 0 0 72 0 0 28 58 25
0 49 0 0 0 9 0 14 0 28 0 0 42 0 0 45 0 0 28 0 0 0 28 0 0 0 49 0 28 35 0 0 0 9 0 0 72 0 9 120 81 0 0 0 42 0 0 0 0 63 0 16 0 0 0 0 0 64 0 0 0 0 72 0
0 0 0 18 0 6 0 27 18 81 15 48 0 0 10 0 45 0 0 9 0 0 72 5 0 54 52 0 0 3 0 0 0 0 0 40 0 0 0 0 126 0 0 45 7 0 2 30 0 0 0 0 0 35 0 45 5 36 0 54 0 0 5 0
0 0 0 0 36 6 0 0 7 81 0 0 0 35 0 0 63 0 72 81 4 0 0 0 41 0 49 0 0 0 19 10 0 0 0 0 9 32 0 104 0 0 36 27 45 0 0 0 0 0 0 63 0 0 0 0 0 8 0 51 0 45 0 77
24 66 30 0 81 36 42 12 0 69 0 0 36 21 0 0 0 0 30 0 22 0 24 0 12 0 57 0 48 30 18 0 12 0 0 18 12 80 0 96 0 42 98 42 36 0 36 0 35 18 0 0 0 0 0 0 0 0 0 0 42 51 0 84
0 0 63 0 0 24 0 18 16 54 0 72 49 60 6 63 0 0 9 0 0 18 94 0 0 54 0 57 0 42 0 0 0 0 0 0 16 21 0 32 54 24 0 0 32 0 49 0 31 72 68 32 0 0 20 26 0 0 4 0 135 0 22 20
2 48 0 24 0 0 69 12 24 24 9 27 0 30 6 0 27 0 14 0 0 2 0 13 0 0 21 0 25 73 45 12 0 0 0 24 45 9 61 53 0 53 77 60 0 0 0 36 35 9 0 18 46 21 0 0 3 66 81 0 10 4 45 28
36 0 0 0 0 9 0 0 0 0 0 0 0 1 0 45 0 0 8 0 0 0 20 0 0 0 0 0 20 0 0 1 0 6 0 28 0 4 7 0 18 0 1 0 0 0 0 0 0 63 0 9 0 6 0 0 0 0 0 0 0 20 72 0
0 0 0 3 63 0 35 7 4 0 0 0 0 28 0 0 0 0 0 0 0 0 0 0 7 0 0 68 0 8 9 0 0 0 0 0 54 0 5 64 0 24 0 0 60 0 0 0 24 0 56 0 0 0 0 12 0 48 0 0 0 0 0 20
0 0 0 0 84 78 18 81 28 67 0 0 0 54 0 0 0 0 42 0 12 54 0 18 0 0 18 0 54 0 20 36 0 4 36 0 0 48 22 0 28 0 54 42 0 0 0 0 0 0 0 36 30 0 0 0 0 0 42 0 0 9 0 120
0 63 0 2 0 0 0 0 0 10 0 0 99 10 0 0 18 0 36 1 0 18 36 0 42 18 80 45 0 45 4 18 0 0 0 0 0 0 0 160 5 0 0 5 135 0 0 0 0 0 54 18 0 0 0 5 0 0 0 66 81 0 18 0
0 0 32 21 27 18 15 24 21 23 48 0 0 0 0 0 42 0 56 0 0 0 22 36 3 9 24 80 20 112 78 54 0 0 36 0 0 0 35 18 8 0 0 56 12 0 0 20 30 0 38 101 40 0 0 0 0 0 0 0 42 21 12 0
0 0 0 54 0 24 32 0 0 0 4 12 20 0 0 0 0 0 0 0 0 20 0 20 28 14 0 20 0 30 0 18 0 0 0 0 0 0 0 104 0 48 0 0 91 0 8 0 0 35 24 35 0 2 0 0 56 34 0 42 42 38 52 0
0 35 54 9 0 24 0 0 18 0 0 48 91 0 24 54 0 0 26 15 51 36 72 21 0 12 35 30 0 61 0 0 0 0 0 18 64 18 0 107 27 0 21 0 30 6 42 0 6 72 48 0 0 0 27 56 6 0 0 0 90 0 28 0
9 32 0 0 0 6 18 0 20 3 0 0 0 37 0 0 0 0 0 0 0 0 5 0 2 0 0 12 13 0 3 0 0 0 0 8 2 4 24 24 0 42 6 18 32 0 0 12 39 16 0 0 24 0 16 12 0 0 18 0 7 12 0 32
35 0 8 0 92 16 32 3 19 27 27 8 0 79 0 0 40 0 19 72 0 0 87 30 87 18 25 71 0 46 0 24 0 0 0 0 27 0 0 117 2 117 0 0 126 0 0 12 54 8 5 12 0 54 0 27 0 24 36 36 18 54 24 45
0 0 16 4 27 0 15 6 0 25 18 54 10 0 12 0 54 0 40 71 0 4 12 0 0 4 36 38 0 34 0 0 0 0 0 48 0 0 0 0 14 18 120 25 18 18 6 60 92 0 16 36 0 42 0 10 6 42 0 12 18 25 4 25
45 0 28 41 0 0 17 0 0 0 0 0 0 0 0 0 0 12 0 7 0 6 25 0 36 0 21 49 25 57 0 16 0 0 0 35 0 0 0 88 42 25 0 35 72 0 0 0 0 0 7 42 0 0 0 35 0 15 0 90 6 37 0 0
0 28 35 9 107 105 0 14 49 35 0 0 0 63 0 0 0 0 7 0 15 63 0 0 8 0 7 0 63 24 62 4 14 0 42 14 0 64 36 16 0 0 72 0 18 0 42 0 0 21 0 0 0 0 0 0 0 0 49 12 0 0 0 64
0 64 64 0 5 40 14 0 4 30 0 0 48 52 0 5 0 0 80 54 1 90 32 4 0 0 64 4 9 112 2 0 8 0 6 0 0 5 29 64 2 38 74 24 48 0 54 3 61 7 18 41 6 0 25 0 24 0 12 20 0 30 8 34
0 21 0 12 18 0 10 0 5 0 0 0 18 41 0 0 0 6 60 6 0 0 12 0 2 0 39 15 0 19 0 6 0 36 0 0 0 24 42 44 30 42 78 30 58 0 0 0 86 0 0 0 0 36 0 45 0 0 0 36 0 0 0 25
81 0 14 0 0 54 0 10 0 27 5 0 12 5 18 0 0 0 40 0 0 0 77 2 18 0 0 2 117 0 27 5 0 30 0 72 66 56 45 123 0 16 5 0 0 0 0 36 54 0 1 0 0 30 0 42 12 0 0 10 63 108 12 0
0 0 0 0 47 36 21 0 0 0 0 0 30 36 0 0 0 0 0 30 58 84 0 0 0 0 0 0 36 6 0 0 0 0 24 36 0 0 12 0 0 18 42 0 0 12 0 0 0 63 0 15 0 0 0 0 24 0 28 0 0 0 0 0
0 0 0 0 36 0 0 27 18 81 0 56 0 0 0 0 0 0 7 0 4 0 72 0 0 54 0 0 0 0 0 0 0 0 0 0 0 32 0 0 81 0 36 0 0 0 0 0 0 56 0 0 0 0 0 0 0 0 0 0 42 0 0 32
0 16 0 9 25 20 0 0 8 0 0 0 0 20 0 45 0 0 0 0 0 0 0 0 95 0 25 0 0 24 27 16 0 0 0 0 0 0 27 64 0 40 0 0 72 0 0 21 0 0 0 0 12 0 0 0 81 0 0 93 36 15 0 0
