1599 1727 1535 1396 1360 1582 1154 1526 1342 1525 1368 1272 1265 1465 1367 1384 1324 1612 1645 1421 1581 1276 1309 1671 1268 1195 1388 1575 1447 1530 1501 1244 1414 1395 1195 1301 1378 1488 1278 1608 1433 1387 1473 1339 1366 1477 1303 1249 1316 1453 1592 1427 1405 1237 1454 1524 1515 1354 1366 1363 1244 1253 1236 1603
1385 1455 1365 1427 1256 1391 1135 1394 1159 1403 1242 1359 1207 1459 1152 1288 1252 1496 1473 1131 1449 1302 1353 1508 1096 1219 1306 1400 1467 1345 1256 1059 1298 1453 1229 1112 1262 1407 1225 1271 1356 1084 1472 1411 1293 1330 1129 1089 1287 1281 1416 1373 1045 1167 1180 1488 1300 1379 1124 1191 1147 1257 1188 1285
1449 1608 1365 1183 1228 1540 1149 1444 1203 1537 1309 1355 1276 1484 1163 1402 1226 1263 1503 1319 1455 1116 1241 1378 1181 1130 1304 1454 1401 1384 1274 1187 1225 1470 1229 1288 1342 1338 1269 1397 1404 1244 1389 1190 1302 1257 1080 1030 1343 1446 1449 1207 1350 1166 1378 1461 1423 1311 1219 1279 1143 1229 1195 1202
1425 1419 1360 1172 1175 1535 1118 1512 1100 1559 1214 1352 1178 1471 1222 1307 1305 1388 1377 1237 1554 1249 1139 1526 1075 1189 1273 1366 1389 1327 1279 1144 1193 1581 1150 1237 1142 1397 1118 1267 1217 1196 1365 1319 1330 1258 1115 1091 1242 1235 1351 1305 1009 1054 1173 1470 1169 1358 1103 1154 1090 1243 1247 1239
1651 1616 1607 1569 1547 1664 1380 1636 1377 1862 1484 1610 1307 1660 1383 1610 1439 1712 1626 1392 1705 1370 1593 1768 1539 1336 1429 1645 1591 1551 1424 1338 1447 1831 1515 1425 1475 1426 1322 1547 1536 1390 1659 1474 1495 1501 1281 1323 1519 1528 1583 1515 1397 1355 1506 1759 1598 1564 1280 1420 1353 1577 1381 1440
1369 1479 1221 1118 1164 1315 1122 1228 973 1326 1031 1066 932 1199 1017 1267 1186 1141 1300 1063 1272 1122 1044 1417 929 1049 1107 1147 1165 1222 982 1168 1146 1176 1123 1038 1011 1146 1155 1220 1116 1005 1073 1197 1088 1164 1007 1036 1195 1146 1212 1118 954 986 1093 1344 1043 1171 987 1160 993 1084 1020 1167
1411 1648 1455 1394 1248 1457 1311 1475 1299 1652 1401 1403 1274 1487 1198 1473 1417 1471 1421 1151 1363 1279 1300 1419 1100 1308 1133 1572 1253 1364 1252 1301 1272 1466 1189 1144 1233 1385 1214 1333 1294 1223 1517 1317 1229 1360 1143 1279 1353 1348 1411 1403 1234 1321 1435 1464 1407 1328 1125 1259 1198 1237 1207 1500
1634 1836 1675 1516 1514 1515 1330 1595 1370 1628 1497 1559 1362 1629 1380 1584 1395 1650 1751 1338 1606 1413 1431 1549 1382 1426 1382 1756 1541 1503 1567 1351 1493 1593 1361 1277 1331 1481 1370 1501 1479 1299 1525 1508 1388 1558 1231 1473 1405 1567 1592 1527 1366 1460 1514 1657 1599 1620 1370 1420 1305 1320 1374 1506
1379 1386 1396 1302 1265 1435 1160 1501 1113 1475 1230 1319 1242 1464 1203 1361 1273 1443 1436 1057 1395 1253 1219 1440 1056 1194 1288 1459 1501 1125 1163 1136 1227 1318 1250 1203 1098 1376 1236 1224 1296 1235 1421 1321 1197 1150 1172 1185 1269 1228 1484 1375 1152 1170 1220 1418 1325 1269 1129 1276 1155 1191 1187 1343
1400 1586 1422 1438 1192 1468 1177 1425 1198 1436 1341 1244 1175 1439 1320 1410 1240 1478 1457 1194 1408 1280 1252 1464 1171 1269 1272 1394 1459 1396 1379 1243 1281 1446 1202 1259 1216 1310 1231 1482 1349 1279 1488 1335 1196 1396 1144 1156 1315 1223 1479 1351 1192 1264 1358 1485 1388 1358 1175 1214 1059 1215 1253 1445
1548 1711 1578 1387 1387 1634 1238 1535 1310 1625 1458 1495 1281 1581 1334 1470 1383 1613 1558 1336 1554 1291 1354 1572 1181 1307 1371 1683 1510 1541 1463 1192 1355 1494 1230 1267 1291 1428 1253 1449 1414 1327 1522 1435 1392 1444 1343 1140 1328 1416 1515 1409 1330 1314 1378 1490 1503 1449 1326 1361 1194 1315 1300 1498
1445 1522 1432 1409 1269 1669 1157 1484 1199 1578 1350 1417 1300 1600 1258 1427 1388 1470 1508 1218 1497 1408 1355 1560 1124 1167 1379 1427 1416 1460 1341 1266 1349 1525 1431 1304 1261 1538 1389 1369 1376 1254 1451 1387 1249 1352 1286 1269 1398 1293 1519 1444 1144 1241 1259 1703 1319 1455 1168 1356 1225 1287 1174 1422
1309 1447 1301 1116 1235 1393 1068 1501 1184 1586 1202 1202 1044 1366 1142 1362 1287 1410 1437 1192 1568 1240 1183 1425 1233 1075 1254 1345 1272 1174 1174 1211 1281 1490 1010 1080 1076 1562 1151 1302 1206 1220 1325 1212 1306 1234 1238 1078 1309 1255 1379 1381 1028 1200 1219 1499 1142 1321 1099 1175 1277 1206 1171 1353
1557 1573 1504 1307 1392 1648 1231 1486 1209 1561 1292 1383 1168 1485 1221 1478 1292 1540 1556 1198 1418 1334 1268 1509 1097 1174 1437 1368 1476 1502 1359 1131 1322 1435 1269 1319 1350 1297 1343 1409 1403 1290 1369 1231 1314 1290 1292 1207 1297 1319 1495 1402 1250 1213 1391 1542 1386 1411 1139 1324 1162 1269 1222 1311
1270 1343 1190 1065 963 1313 924 1202 1009 1389 1133 1039 1044 1174 990 1262 1150 1285 1193 1041 1273 1139 1132 1456 948 968 1078 1188 1107 1147 1110 1222 1183 1196 1127 872 1089 1313 1147 1129 1160 1118 1118 1089 1027 1098 1020 1040 1222 1110 1202 1102 993 1109 1184 1290 1174 1131 1108 1127 1073 995 918 1240
1349 1480 1149 1273 1189 1513 1151 1355 1175 1385 1280 1233 1116 1540 1169 1368 1290 1403 1330 1183 1417 1240 1226 1472 1069 1071 1218 1417 1337 1336 1215 1255 1268 1386 1129 1249 1199 1437 1171 1326 1232 1219 1400 1178 1191 1216 1226 1162 1281 1261 1395 1320 1275 1135 1256 1491 1306 1266 1128 1328 1170 1132 1047 1442
1293 1380 1194 1091 1122 1354 1027 1340 968 1417 1120 1197 949 1293 1048 1271 1026 1306 1339 959 1215 1154 1107 1325 1100 1015 1079 1266 1206 1145 1023 1078 1051 1281 1056 966 1105 1226 1105 1074 1146 989 1187 1098 1162 1192 1058 1043 1248 1198 1286 1299 1088 989 1166 1390 1129 1249 956 1096 1060 1023 1050 1169
1403 1675 1295 1369 1371 1539 1318 1486 1238 1672 1379 1467 1318 1536 1378 1482 1396 1564 1587 1189 1422 1294 1301 1546 1240 1294 1383 1507 1429 1462 1398 1422 1342 1581 1218 1232 1244 1444 1401 1340 1420 1288 1452 1293 1293 1402 1304 1217 1427 1344 1621 1482 1205 1276 1418 1647 1513 1427 1253 1425 1325 1261 1288 1562
1413 1496 1354 1181 1256 1485 1130 1449 1265 1477 1334 1356 1149 1443 1246 1416 1185 1366 1475 1141 1560 1218 1203 1623 1336 1113 1211 1391 1439 1259 1307 1224 1301 1520 1150 1235 1247 1442 1305 1396 1344 1271 1424 1239 1259 1271 1207 1069 1260 1376 1493 1244 1257 1289 1237 1487 1367 1334 1202 1291 1164 1174 1171 1348
1348 1503 1333 1317 1334 1602 1307 1511 1249 1543 1363 1450 1378 1485 1211 1436 1282 1497 1544 1365 1493 1365 1405 1508 1044 1254 1450 1434 1490 1450 1434 1299 1327 1615 1306 1252 1293 1414 1366 1349 1492 1322 1519 1451 1365 1263 1230 1143 1432 1427 1480 1504 1137 1181 1293 1654 1387 1515 1227 1334 1300 1384 1321 1313
1335 1552 1337 1361 1216 1424 1211 1443 1182 1574 1392 1398 1197 1536 1204 1351 1373 1503 1465 1065 1454 1240 1378 1491 1135 1212 1282 1571 1375 1278 1242 1319 1264 1541 1144 1078 1193 1567 1324 1342 1219 1224 1483 1313 1130 1347 1210 1226 1306 1248 1513 1411 1062 1215 1341 1525 1412 1389 1190 1292 1341 1312 1225 1385
1304 1495 1257 1283 1296 1388 1216 1457 1097 1503 1393 1235 1133 1362 1217 1253 1235 1402 1472 1203 1308 1263 1164 1487 1002 1149 1171 1463 1355 1248 1126 1149 1203 1335 1118 1135 1196 1294 1205 1267 1319 1261 1397 1267 1256 1248 1120 1164 1307 1372 1369 1359 1147 1081 1167 1536 1200 1358 1068 1291 1353 1107 1208 1402
1445 1590 1487 1375 1311 1553 1260 1517 1228 1610 1438 1363 1224 1461 1231 1529 1330 1464 1520 1311 1436 1206 1418 1580 1263 1218 1243 1478 1417 1361 1364 1208 1328 1514 1218 1105 1370 1458 1161 1424 1397 1253 1553 1316 1533 1369 1222 1211 1343 1452 1475 1375 1277 1209 1356 1570 1363 1428 1251 1244 1245 1310 1180 1468
1513 1542 1473 1339 1442 1619 1224 1519 1267 1540 1282 1382 1229 1520 1366 1436 1265 1457 1519 1306 1554 1368 1358 1572 1152 1202 1306 1514 1492 1425 1405 1296 1367 1435 1339 1298 1247 1400 1290 1328 1407 1361 1435 1254 1422 1266 1299 1299 1396 1399 1420 1349 1310 1364 1261 1474 1462 1419 1257 1283 1311 1383 1180 1408
1299 1494 1348 1267 1174 1313 1128 1320 1215 1424 1345 1302 1289 1385 1117 1338 1116 1418 1485 1093 1361 1158 1247 1343 1107 1245 1167 1472 1387 1306 1316 1085 1225 1348 1092 1201 1250 1289 1159 1204 1190 1259 1332 1164 1211 1288 1150 1165 1173 1264 1384 1245 1154 1174 1201 1412 1248 1311 1066 1231 1142 1048 1219 1321
1450 1633 1382 1420 1298 1503 1209 1348 1297 1508 1399 1394 1258 1602 1299 1343 1305 1456 1500 1299 1386 1399 1412 1560 1218 1203 1295 1508 1427 1407 1372 1256 1372 1421 1364 1325 1349 1350 1216 1385 1195 1236 1576 1331 1301 1278 1197 1338 1387 1303 1342 1349 1168 1196 1332 1534 1354 1324 1150 1244 1214 1473 1190 1337
1371 1565 1384 1304 1292 1419 1172 1437 1087 1450 1308 1364 1144 1528 1105 1378 1355 1403 1433 1224 1528 1302 1257 1438 1135 1219 1253 1453 1399 1441 1355 1204 1312 1419 1068 1200 1262 1502 1243 1321 1274 1165 1445 1255 1331 1312 1130 1133 1339 1276 1420 1378 1121 1190 1213 1347 1234 1431 1162 1282 1232 1242 1241 1340
1448 1626 1523 1507 1451 1624 1207 1745 1409 1438 1455 1535 1239 1629 1401 1540 1377 1544 1634 1227 1689 1488 1428 1556 1296 1429 1446 1508 1681 1437 1566 1317 1476 1636 1337 1363 1371 1607 1394 1540 1542 1369 1687 1464 1434 1366 1299 1345 1395 1429 1610 1598 1331 1389 1388 1691 1536 1633 1164 1342 1252 1493 1277 1406
1428 1531 1454 1248 1352 1380 1305 1494 1177 1540 1413 1474 1192 1404 1161 1396 1267 1456 1505 1250 1431 1204 1392 1611 1269 1217 1160 1578 1443 1316 1222 1153 1299 1406 1234 1138 1392 1409 1160 1340 1333 1277 1510 1325 1335 1315 1220 1217 1281 1480 1420 1289 1285 1282 1283 1547 1399 1389 1173 1349 1273 1206 1212 1347
1599 1833 1623 1553 1485 1871 1448 1810 1425 1709 1527 1460 1420 1779 1384 1771 1502 1600 1749 1465 1718 1505 1492 1697 1256 1435 1525 1755 1700 1596 1623 1601 1430 1601 1385 1513 1283 1568 1447 1535 1519 1368 1658 1645 1500 1622 1423 1535 1633 1541 1766 1662 1415 1471 1572 1638 1661 1628 1440 1609 1421 1558 1373 1667
1477 1540 1480 1326 1309 1580 1242 1643 1295 1646 1481 1417 1297 1634 1350 1350 1275 1394 1534 1294 1587 1337 1408 1600 1289 1297 1347 1583 1498 1352 1379 1220 1306 1569 1318 1381 1423 1419 1188 1480 1313 1347 1525 1313 1422 1367 1250 1348 1361 1442 1503 1433 1315 1302 1428 1565 1505 1356 1145 1293 1168 1475 1259 1477
1395 1450 1372 1260 1188 1398 1052 1471 1238 1521 1303 1297 1101 1391 1077 1314 1243 1273 1348 1174 1413 1157 1211 1373 1217 1140 1157 1471 1275 1162 1232 1221 1201 1395 1153 1229 1069 1329 1142 1263 1249 1183 1389 1305 1230 1233 1027 1012 1240 1244 1335 1190 1171 1160 1261 1309 1245 1201 1043 1225 1091 1214 1172 1274
1289 1598 1427 1253 1273 1410 1195 1439 1314 1491 1404 1391 1218 1531 1231 1446 1273 1483 1524 1192 1370 1316 1438 1417 1094 1241 1368 1566 1440 1320 1415 1236 1277 1383 1142 1240 1277 1332 1199 1440 1222 1317 1643 1317 1220 1197 1112 1192 1282 1315 1445 1440 1171 1085 1366 1458 1435 1365 1135 1324 1124 1362 1211 1326
1476 1658 1378 1427 1266 1415 1176 1383 1157 1394 1311 1390 1065 1399 1190 1335 1154 1311 1532 1132 1439 1181 1189 1550 1231 1144 1154 1454 1322 1319 1307 1324 1288 1450 1203 1180 1117 1391 1253 1378 1336 1209 1278 1194 1198 1460 1223 1281 1359 1353 1471 1315 1252 1375 1248 1495 1409 1337 1190 1178 1224 1205 1261 1412
1267 1319 1160 1102 1081 1295 1050 1377 1129 1364 1226 1331 1020 1330 1069 1217 1109 1262 1315 1112 1317 1202 1196 1278 1060 1080 1146 1250 1292 1189 1202 1136 1050 1370 1137 1023 1082 1198 1195 1065 1173 1071 1296 1102 1158 1057 1108 1139 1195 1227 1259 1193 1053 1051 1192 1403 1282 1297 1012 1112 1131 1222 943 1113
1462 1581 1453 1105 1317 1405 1175 1500 1261 1575 1248 1297 1003 1424 1193 1278 1264 1399 1453 1202 1564 1015 1302 1481 1105 1188 1175 1543 1375 1396 1166 1038 1265 1401 1032 1227 1183 1365 1102 1304 1238 1227 1266 1191 1283 1309 1225 1044 1237 1381 1360 1252 1128 1215 1315 1336 1405 1355 1212 1178 1290 1240 1255 1323
1132 1322 1316 1192 1104 1339 968 1294 1051 1280 1275 1270 1135 1265 1087 1241 1130 1235 1152 901 1134 1041 1106 1217 1016 1015 1009 1331 1175 1157 1245 1137 1055 1145 954 1081 1077 1202 993 1190 1125 1111 1320 960 996 1185 999 1004 1246 1016 1356 1100 1133 1119 1111 1120 1195 1084 963 1170 976 1014 1165 1290
1367 1551 1331 1359 1149 1444 1050 1502 1156 1529 1373 1253 1158 1426 1253 1253 1302 1424 1334 1116 1449 1263 1245 1489 1094 1334 1117 1486 1284 1244 1273 1339 1144 1323 1120 1163 1070 1421 1266 1315 1218 1090 1380 1324 1244 1365 1169 1121 1395 1103 1469 1334 1015 1111 1238 1376 1220 1284 1152 1274 1152 1210 1190 1432
1035 1295 1209 1089 1120 1320 940 1394 1259 1255 1205 1165 1176 1357 1001 1188 1207 1202 1195 1047 1454 1060 1183 1299 999 1165 1069 1365 1222 1160 1058 988 1272 1259 932 1099 1169 1348 1020 1271 1067 1203 1373 1138 1126 1101 1106 989 1116 1153 1259 1152 958 1017 1111 1303 1132 1148 1071 1120 1141 1211 1066 1107
1390 1508 1383 1279 1211 1554 1073 1291 1208 1372 1114 1262 1198 1488 1209 1441 1245 1421 1454 1128 1403 1336 1310 1647 1048 1205 1277 1395 1530 1294 1379 1290 1273 1256 1173 1149 1133 1347 1154 1291 1240 1245 1394 1264 1236 1219 1130 1164 1197 1212 1314 1149 1057 1203 1171 1470 1389 1344 1212 1188 1021 1213 1100 1331
1450 1778 1528 1462 1438 1630 1180 1537 1349 1494 1430 1453 1355 1670 1398 1521 1419 1595 1553 1206 1615 1396 1375 1602 1332 1392 1337 1587 1534 1442 1525 1313 1462 1538 1309 1303 1361 1657 1305 1661 1419 1350 1627 1462 1304 1358 1276 1294 1403 1352 1582 1581 1312 1263 1344 1678 1314 1594 1320 1412 1246 1426 1344 1508
1248 1461 1305 1288 1217 1406 1064 1402 1257 1508 1230 1309 1159 1518 1200 1381 1269 1374 1391 1078 1529 1178 1281 1514 1191 1207 1188 1419 1394 1257 1417 1289 1263 1423 1199 1287 1093 1449 1183 1373 1289 1182 1342 1335 1266 1228 1185 1060 1338 1107 1465 1354 1146 1316 1181 1351 1341 1328 1135 1304 1126 1319 1207 1492
1420 1494 1404 1371 1313 1295 1225 1382 1233 1395 1244 1271 1037 1515 1155 1380 1177 1543 1480 1122 1362 1175 1409 1448 1020 1297 1224 1402 1507 1274 1225 1149 1264 1329 1084 1131 1247 1258 1158 1425 1283 1189 1409 1266 1248 1198 1225 1080 1258 1240 1478 1401 1011 1187 1254 1461 1500 1414 1111 1259 1143 1110 1209 1268
1376 1485 1286 1383 1207 1458 1231 1385 1086 1471 1233 1279 1272 1506 1072 1502 1257 1400 1459 1263 1349 1185 1276 1408 1215 1183 1233 1388 1382 1279 1310 1333 1314 1454 1262 1281 1232 1385 1227 1360 1239 1164 1433 1345 1266 1348 1181 1258 1377 1241 1483 1357 1195 1177 1323 1511 1321 1228 1114 1304 1095 1223 1168 1323
1385 1494 1390 1258 1245 1344 1140 1281 1172 1415 1369 1202 1128 1315 1153 1249 1165 1384 1456 1169 1224 1284 1264 1410 1037 1058 1175 1590 1147 1212 1204 1174 1272 1270 1183 969 1151 1278 1108 1153 1194 1142 1329 1300 1121 1260 1042 1133 1205 1321 1221 1294 1019 1060 1261 1432 1297 1249 1058 1170 1111 1064 1211 1334
1312 1219 1248 1180 1189 1292 1039 1307 1125 1363 1037 1148 984 1303 1083 1266 1170 1368 1294 1126 1298 1185 1211 1347 1100 1071 1167 1245 1286 1210 1204 1178 1177 1312 1067 1072 1043 1178 1163 1168 1198 1054 1324 1174 1116 1185 1091 1038 1156 1174 1357 1217 955 1062 1191 1373 1416 1200 990 1067 982 1089 1049 1165
1593 1586 1473 1302 1246 1472 1222 1501 1229 1662 1442 1387 1330 1555 1204 1455 1383 1493 1531 1278 1466 1309 1346 1479 1147 1215 1334 1552 1466 1405 1352 1295 1298 1456 1326 1273 1181 1391 1228 1271 1285 1196 1462 1446 1335 1436 1235 1314 1302 1324 1443 1450 1199 1277 1427 1416 1438 1307 1194 1332 1244 1294 1182 1474
1350 1458 1273 1260 1117 1427 1008 1333 1122 1513 1284 1262 1216 1478 1143 1348 1214 1521 1322 1067 1381 1099 1225 1525 1182 1119 1144 1446 1355 1235 1264 1163 1095 1358 1116 1080 1271 1421 1025 1273 1170 1144 1370 1169 1176 1265 1219 1066 1329 1177 1412 1206 1206 1173 1247 1353 1328 1204 1245 1261 1120 1099 1079 1385
1428 1498 1366 1307 1155 1432 1114 1356 1042 1522 1129 1333 1157 1391 1199 1379 1186 1481 1402 1145 1434 1099 1229 1542 1216 1218 1238 1378 1392 1349 1314 1170 1162 1408 1224 1112 1231 1267 1167 1304 1245 1175 1289 1273 1247 1349 1189 1295 1229 1184 1494 1227 1178 1151 1292 1534 1399 1346 1209 1327 1147 1182 1065 1384
1381 1509 1486 1133 1259 1540 1159 1373 1206 1473 1219 1353 1244 1519 1219 1398 1335 1345 1352 1136 1450 1168 1304 1484 1106 1187 1286 1496 1344 1407 1298 1101 1306 1435 1126 1092 1323 1409 1108 1326 1208 1193 1363 1210 1239 1226 1069 1115 1287 1302 1356 1185 1122 1223 1304 1380 1321 1324 1265 1254 1164 1187 1088 1374
1442 1524 1448 1401 1216 1618 1167 1500 1212 1532 1234 1430 1308 1621 1248 1386 1397 1540 1562 1321 1510 1276 1342 1612 1163 1283 1421 1534 1546 1458 1514 1259 1220 1473 1208 1304 1162 1575 1256 1395 1293 1261 1416 1374 1289 1411 1338 1273 1216 1295 1590 1356 1087 1157 1196 1623 1407 1493 1247 1326 1195 1312 1286 1486
1421 1543 1408 1312 1185 1369 1264 1461 1304 1483 1394 1519 1208 1467 1113 1368 1253 1470 1523 1142 1419 1180 1399 1473 1197 1269 1296 1468 1491 1308 1356 1383 1338 1567 1269 1103 1228 1442 1287 1363 1391 1230 1442 1354 1270 1312 1257 1091 1435 1328 1479 1404 1197 1285 1433 1507 1520 1295 1179 1279 1144 1263 1229 1303
1581 1708 1592 1433 1388 1745 1242 1697 1481 1770 1487 1397 1257 1607 1351 1625 1505 1652 1617 1443 1702 1422 1512 1775 1490 1286 1416 1627 1546 1546 1498 1304 1575 1660 1218 1413 1391 1589 1400 1545 1390 1542 1630 1449 1424 1519 1450 1348 1367 1404 1654 1384 1294 1367 1483 1728 1436 1525 1287 1418 1406 1416 1360 1625
1346 1494 1334 1208 1188 1391 1060 1285 1090 1516 1296 1316 1114 1355 1098 1324 1217 1388 1433 1004 1401 1190 1262 1538 1138 1107 1216 1445 1350 1203 1314 978 1231 1309 1086 1084 1222 1414 1105 1261 1211 1281 1363 1318 1221 1169 1077 1012 1095 1212 1453 1184 1060 1147 1121 1391 1167 1394 1079 1295 1145 978 1148 1329
1510 1624 1476 1497 1377 1646 1366 1632 1394 1650 1402 1462 1400 1641 1369 1620 1445 1470 1680 1426 1631 1509 1463 1584 1246 1334 1469 1561 1581 1582 1424 1362 1518 1657 1512 1391 1321 1505 1341 1408 1504 1438 1617 1513 1387 1475 1187 1445 1481 1559 1634 1518 1422 1479 1459 1698 1520 1535 1240 1406 1374 1528 1223 1459
1346 1404 1307 1181 1322 1419 1036 1380 1163 1437 1223 1295 1178 1475 1175 1309 1282 1489 1283 1106 1424 1283 1226 1290 1053 1141 1206 1320 1285 1321 1395 1088 1286 1297 1138 1195 1166 1341 1194 1253 1270 1206 1462 1199 1165 1093 1162 1069 1095 1095 1357 1299 1000 1150 1230 1332 1325 1343 1028 1169 979 1158 1130 1327
1692 1719 1657 1521 1528 1734 1420 1695 1426 1858 1613 1606 1493 1695 1457 1585 1532 1733 1709 1524 1671 1471 1488 1681 1362 1386 1535 1662 1554 1631 1391 1258 1517 1768 1449 1366 1505 1521 1453 1540 1532 1451 1617 1493 1554 1543 1365 1391 1481 1695 1696 1615 1373 1422 1534 1731 1502 1543 1438 1462 1540 1545 1363 1548
1310 1409 1328 1237 1307 1407 1041 1357 1115 1364 1301 1285 1106 1286 1244 1223 1183 1393 1412 1182 1394 1229 1061 1485 1126 1101 1262 1236 1237 1331 1285 1080 1321 1402 1135 1166 1149 1242 1189 1340 1274 1140 1313 1135 1112 1219 1040 970 1165 1311 1438 1280 1035 1207 1115 1387 1186 1252 1007 1164 1125 1259 1138 1300
1106 1269 1207 1065 1066 1273 1006 1276 995 1312 1081 1141 1028 1349 1042 1186 1112 1135 1237 1057 1235 1136 1162 1266 1033 1080 1035 1255 1224 1193 1112 1088 1107 1237 1005 1056 1049 1249 1015 1110 1077 945 1305 1138 1187 1128 944 963 1181 1080 1210 1236 909 1050 926 1250 1067 1228 910 1044 1068 1214 1034 1102
1396 1567 1411 1292 1187 1464 1117 1369 1142 1505 1299 1282 1187 1367 1270 1305 1164 1417 1445 1060 1318 1238 1263 1456 1196 1206 1291 1368 1381 1255 1311 1293 1284 1358 1151 1086 1119 1391 1147 1375 1308 1290 1408 1241 1212 1254 1107 1092 1308 1119 1468 1364 1151 1273 1217 1466 1215 1254 1044 1227 1116 1278 1117 1386
1386 1595 1426 1301 1209 1429 1242 1430 1200 1380 1394 1339 1212 1370 1160 1464 1313 1247 1446 1241 1320 1160 1262 1443 1002 1288 1309 1487 1484 1238 1318 1322 1263 1343 1174 1207 1183 1264 1163 1470 1374 1357 1380 1224 1270 1208 1116 1202 1281 1331 1401 1269 1252 1194 1251 1484 1330 1274 1201 1357 1224 1182 1135 1316
1417 1586 1433 1314 1324 1468 1196 1422 1252 1537 1480 1344 1298 1574 1209 1395 1385 1513 1477 1153 1496 1238 1381 1484 1115 1359 1227 1586 1457 1327 1385 1163 1324 1415 1167 1350 1238 1390 1119 1457 1314 1303 1454 1364 1256 1313 1246 1222 1303 1266 1432 1403 1168 1231 1349 1473 1231 1419 1204 1368 1149 1188 1325 1498
1323 1414 1418 1387 1251 1442 1144 1501 1183 1491 1351 1403 1250 1531 1157 1430 1300 1502 1366 1194 1566 1284 1517 1550 1292 1340 1266 1471 1618 1318 1361 1160 1308 1421 1135 1198 1356 1488 1157 1408 1327 1320 1606 1338 1304 1289 1282 1211 1308 1265 1552 1383 1206 1322 1216 1530 1328 1404 1161 1383 1212 1240 1050 1392
1429 1557 1568 1311 1422 1480 1304 1500 1304 1608 1375 1352 1154 1417 1338 1412 1352 1546 1604 1291 1547 1399 1275 1565 1254 1172 1389 1504 1418 1476 1349 1154 1355 1442 1141 1276 1282 1385 1238 1531 1374 1371 1588 1310 1308 1420 1286 1263 1274 1494 1519 1552 1245 1285 1292 1584 1423 1430 1212 1262 1272 1344 1246 1513
