0 0 0 0 81 0 0 0 0 0 0 0 36 0 0 0 0 0 0 0 0 0 0 0 0 0 0 0 0 0 0 0 0 0 0 0 0 0 63 0 27 0 0 0 0 0 0 0 0 0 0 0 0 0 0 0 0 0 0 0 0 0 0 0
18 0 30 0 0 40 6 0 27 24 32 81 0 72 6 36 72 42 0 0 0 32 24 6 36 9 36 15 3 35 0 4 45 0 0 22 2 8 8 40 0 0 0 12 57 0 63 0 0 0 0 42 0 6 0 0 18 6 0 0 0 114 1 0
54 0 0 8 0 0 42 0 0 0 0 27 36 36 8 9 35 0 0 24 24 36 0 88 38 5 0 12 18 0 0 99 20 0 0 33 12 30 0 0 0 76 27 18 36 45 81 0 18 0 10 72 45 0 24 4 12 38 0 0 72 36 119 0
0 0 42 0 45 12 72 78 0 42 25 0 80 0 0 42 35 28 0 0 0 15 0 0 42 5 6 0 74 21 0 0 20 0 18 0 25 30 35 96 15 40 18 15 81 0 25 20 0 5 0 28 45 0 0 30 21 0 25 10 9 35 0 0
0 28 0 0 54 0 0 0 15 0 0 27 36 8 0 63 0 0 0 24 24 28 64 0 24 0 8 0 24 0 0 27 0 0 0 24 42 0 66 0 18 0 27 0 32 0 0 0 0 0 0 0 0 0 0 24 12 0 0 0 0 0 44 0
0 0 98 16 0 63 7 54 3 60 0 0 0 3 0 42 0 28 0 0 0 0 0 0 42 0 81 0 72 21 0 6 0 0 0 6 0 47 9 0 0 27 0 50 0 0 0 0 0 0 30 28 0 0 0 0 93 30 3 0 18 35 30 0
0 42 0 0 0 0 0 0 29 0 0 54 0 2 0 14 0 15 0 0 0 0 16 8 56 0 44 42 9 0 0 0 0 0 0 63 0 42 6 0 24 0 4 0 0 0 0 0 0 0 5 0 34 16 0 0 7 23 0 0 56 0 5 0
0 0 28 24 6 0 40 63 0 19 0 52 44 0 24 67 0 16 0 40 40 12 30 9 85 0 0 12 0 12 0 59 7 0 1 54 12 35 0 0 40 99 45 125 36 2 64 40 0 0 15 43 7 2 24 12 32 28 7 0 78 20 59 6
0 49 20 0 63 3 25 54 9 8 15 81 15 0 0 24 45 36 3 0 0 0 0 0 51 0 0 49 0 12 0 8 0 0 0 8 0 96 0 9 32 36 0 62 0 0 0 12 0 12 36 16 36 0 0 34 12 21 13 0 24 20 24 0
0 0 0 27 39 40 0 0 42 20 0 36 36 0 0 0 0 58 0 0 56 0 0 18 45 0 15 84 0 78 0 32 56 0 9 0 0 0 0 0 0 0 0 0 0 8 0 0 0 0 63 0 91 0 0 14 0 0 0 0 0 0 0 0
0 32 0 0 21 96 56 48 8 0 40 6 40 0 27 72 15 0 0 0 0 72 0 27 0 0 0 0 81 0 0 0 0 0 0 18 57 45 36 48 16 0 0 48 0 0 0 32 0 16 57 81 0 27 0 48 0 45 0 0 16 0 45 0
0 28 0 14 0 0 8 0 28 0 0 0 0 0 0 77 0 0 8 10 0 28 0 0 56 0 63 0 0 0 0 18 0 0 0 63 42 28 0 0 0 0 0 0 16 0 10 0 0 0 0 14 7 10 0 0 80 0 0 0 56 0 0 0
0 0 60 0 27 81 63 54 0 0 45 18 45 0 0 18 0 0 0 0 0 0 0 0 0 0 27 0 18 0 0 0 0 12 0 0 0 0 18 27 0 0 0 0 0 0 0 52 0 9 10 18 0 12 4 54 0 10 0 0 0 0 10 36
16 16 0 0 0 18 0 8 0 0 4 64 0 0 15 0 8 0 9 0 0 0 2 0 0 8 59 0 0 0 0 0 56 0 0 16 0 0 0 16 0 14 0 0 0 0 56 0 0 0 0 0 0 4 0 0 0 0 0 9 8 72 0 0
0 15 0 20 16 92 118 72 12 25 40 97 40 46 20 0 28 8 48 10 35 0 52 30 5 4 0 0 50 79 20 18 16 35 32 15 30 54 19 24 0 130 0 77 21 0 30 32 32 14 50 14 36 50 4 78 10 35 14 30 0 49 25 0
0 44 0 0 63 0 0 99 24 18 63 45 0 9 0 0 0 40 0 0 32 0 18 8 0 0 0 86 27 48 0 38 16 0 0 18 0 80 6 0 0 81 0 81 0 0 0 0 24 45 51 0 0 42 0 8 0 93 9 0 54 0 15 0
0 0 4 0 0 9 43 6 0 0 5 0 47 0 0 32 0 0 0 0 0 18 0 12 0 0 0 0 0 0 0 0 36 0 0 0 30 8 0 3 0 0 0 0 0 0 0 4 0 1 0 0 0 0 0 6 0 0 30 12 0 0 0 0
0 0 0 0 0 12 0 0 0 0 0 0 54 0 3 0 0 7 0 0 2 10 0 4 2 0 0 27 0 2 0 0 0 1 0 2 36 7 4 6 4 81 0 12 84 0 9 0 0 2 0 9 0 3 54 0 0 63 0 0 85 0 4 0
0 14 0 16 0 24 0 81 6 18 0 18 0 0 9 4 0 30 9 0 0 0 0 9 16 0 36 14 0 0 0 18 27 0 81 42 3 184 12 0 48 81 0 108 0 0 0 0 0 0 0 27 56 90 0 0 74 6 9 0 70 0 0 0
0 0 45 36 0 0 54 0 3 0 0 0 36 0 36 0 0 0 3 0 0 0 0 0 0 0 0 42 0 48 0 24 36 0 27 27 0 27 27 0 0 0 0 90 0 0 0 0 0 0 0 0 0 29 0 27 0 0 0 0 0 0 0 0
0 12 15 0 36 0 0 0 3 30 0 0 0 0 0 27 0 0 8 0 0 12 24 22 8 0 0 0 25 0 0 0 66 5 72 0 18 72 0 0 0 0 6 24 0 12 32 0 0 0 0 20 42 135 0 0 0 0 0 0 0 45 16 0
0 12 99 24 0 32 7 0 48 56 0 126 56 0 12 74 0 97 48 48 154 0 72 28 90 0 0 32 6 37 0 54 32 0 0 74 40 52 24 0 40 42 54 14 6 0 0 32 0 0 114 88 65 28 0 16 45 12 0 36 0 77 0 48
0 19 0 0 35 116 0 42 0 40 35 93 20 64 45 0 0 42 27 40 40 0 0 48 58 0 81 0 0 0 32 45 0 0 2 40 0 0 24 0 0 0 45 0 0 0 0 0 0 20 0 0 0 10 0 32 20 35 0 27 30 0 0 0
0 18 0 0 0 52 0 12 21 15 0 33 0 24 25 0 0 7 15 0 0 0 0 18 3 0 45 14 0 0 12 0 0 0 0 0 0 14 9 0 0 0 0 0 0 0 0 0 0 0 0 0 0 14 0 12 0 6 0 15 5 0 0 0
0 4 18 0 0 14 0 0 0 0 0 20 0 0 0 0 0 0 16 0 14 35 16 0 5 0 0 0 32 0 0 0 0 6 1 6 12 12 0 21 14 14 0 42 2 0 0 0 0 7 10 24 0 54 0 0 0 4 0 12 14 68 0 0
0 14 42 0 18 56 0 0 0 15 0 56 0 0 0 63 0 0 56 0 49 0 56 3 0 0 0 0 7 72 0 0 21 82 0 21 42 42 63 0 0 121 0 0 7 6 0 56 0 0 35 0 21 0 14 0 0 14 16 42 0 65 0 0
54 57 48 0 75 105 4 0 87 87 0 145 28 4 27 4 0 54 51 13 28 0 32 2 16 0 57 57 11 27 0 9 14 0 0 30 24 73 49 0 21 28 0 0 80 4 5 0 0 0 20 25 16 17 0 0 7 47 0 39 16 40 0 36
0 7 48 27 0 18 0 30 0 24 0 9 36 0 0 72 0 9 27 0 0 0 0 0 0 0 0 7 48 0 0 0 0 48 12 0 0 7 72 54 0 0 12 0 54 0 0 64 63 0 0 0 63 0 34 0 0 3 0 0 6 18 0 0
0 0 0 12 0 53 0 0 81 35 72 98 25 28 26 72 0 4 0 56 0 0 54 12 45 0 0 56 49 0 0 0 0 45 18 8 4 16 16 0 72 0 0 0 35 0 0 72 0 0 27 36 28 12 0 0 0 0 0 0 0 21 0 0
40 42 0 0 0 20 6 0 81 0 82 27 9 0 15 7 27 14 9 0 0 28 5 9 18 1 27 0 0 0 0 0 44 45 9 0 0 6 2 0 0 43 0 0 0 0 77 0 0 0 0 56 9 0 0 0 0 0 0 9 30 0 99 0
0 0 0 0 0 56 0 0 0 0 0 0 0 0 21 0 0 0 4 0 0 0 0 21 0 0 0 0 0 0 0 0 12 0 36 14 7 64 28 0 0 0 0 12 0 0 0 0 0 0 0 63 0 57 0 0 0 0 0 0 0 0 0 0
12 16 45 0 0 2 0 0 4 0 0 20 72 8 0 36 0 20 3 0 0 16 0 18 25 0 0 18 0 0 0 16 27 0 5 29 42 0 27 0 32 54 0 0 54 10 0 0 11 0 0 0 36 0 38 9 0 42 0 0 62 10 0 0
0 4 0 16 0 82 0 16 0 92 0 20 0 32 45 0 0 0 27 0 0 0 72 24 4 0 105 0 27 0 16 0 0 0 0 0 0 32 12 0 0 0 0 0 36 0 0 0 0 0 0 0 0 0 0 16 72 0 0 27 0 0 9 0
16 16 0 0 0 8 0 36 21 8 20 8 0 6 0 0 8 63 12 0 18 0 2 0 10 0 0 0 0 18 0 8 16 9 2 8 72 47 0 0 0 50 0 36 27 0 9 0 28 0 0 0 0 14 8 0 0 0 4 0 32 8 2 0
0 0 63 0 0 0 51 0 33 0 44 52 51 63 0 18 119 37 0 0 0 49 22 0 53 8 0 7 3 9 0 0 32 10 9 0 35 48 0 35 40 64 0 6 32 0 40 0 0 0 0 30 117 22 0 0 9 0 35 14 0 15 1 36
0 8 0 0 0 38 0 20 0 25 0 25 7 40 0 0 0 21 0 0 0 3 0 30 5 0 0 0 0 0 20 0 0 0 0 0 5 0 15 0 0 0 0 0 0 0 0 0 0 0 0 0 0 0 0 20 0 0 5 2 15 0 0 0
0 0 24 0 45 32 0 0 0 0 0 56 20 0 0 36 0 0 0 0 0 45 0 7 14 7 28 35 0 58 0 20 35 34 0 14 0 0 71 27 33 18 0 54 0 0 105 32 0 9 0 0 0 0 8 0 0 0 4 0 18 67 28 0
0 0 0 0 0 0 0 0 0 0 56 0 0 42 0 0 0 28 0 0 0 0 42 0 0 0 0 0 0 0 0 0 0 0 0 0 0 0 14 0 0 0 0 0 0 0 0 0 56 21 0 0 0 56 0 0 0 0 0 0 0 0 7 0
42 0 0 0 36 2 0 9 30 0 32 72 0 100 0 2 72 35 3 0 10 32 16 63 8 0 6 8 0 46 0 56 0 5 72 16 40 15 0 40 0 0 0 72 47 35 5 0 57 0 0 0 1 54 11 0 1 0 0 0 36 30 0 0
0 6 0 0 42 16 0 84 36 16 74 12 4 0 0 0 0 0 0 0 0 40 0 0 0 0 0 0 0 0 0 16 0 20 4 16 0 40 0 24 16 72 0 120 0 0 0 0 0 32 0 0 0 12 0 0 0 42 8 0 64 0 0 0
0 2 0 0 0 14 0 8 21 10 0 10 49 16 0 0 0 0 0 0 0 21 56 40 2 0 0 0 0 0 8 0 0 0 0 0 35 0 6 0 0 0 14 0 0 0 0 0 0 0 0 0 0 56 0 8 0 0 35 14 0 0 0 0
0 4 64 0 31 8 8 8 6 0 36 20 0 18 0 84 18 39 0 0 8 8 4 2 73 0 3 6 0 26 0 0 4 24 5 0 0 0 36 10 0 0 0 16 8 0 0 32 0 16 9 32 0 8 8 2 24 28 0 0 0 40 0 0
0 7 68 0 97 42 48 14 0 80 49 67 4 32 16 58 0 12 0 72 8 20 0 23 26 0 0 64 56 9 0 9 101 0 0 8 0 10 0 12 8 0 9 30 40 16 0 0 0 32 0 30 56 26 0 0 13 49 0 0 8 39 0 36
0 5 0 0 71 45 42 62 0 34 0 80 0 0 0 0 89 35 0 0 0 0 0 0 0 15 47 0 56 0 0 6 68 0 14 22 0 81 0 63 0 83 14 27 63 0 91 0 0 0 32 0 63 0 0 0 0 0 3 0 50 72 0 0
0 8 76 12 36 84 0 49 0 60 40 116 0 69 35 3 0 50 29 0 17 12 8 38 6 54 81 12 41 10 24 0 14 5 10 15 46 45 60 45 24 7 10 0 73 4 5 0 0 0 5 48 41 16 0 24 54 44 6 27 5 7 32 48
30 42 0 3 63 0 0 0 0 0 0 54 32 20 0 0 0 1 0 0 0 0 0 45 0 0 0 42 0 0 0 40 0 0 0 5 0 42 49 0 21 0 0 0 0 25 0 0 10 0 0 0 7 0 0 0 0 18 0 0 20 20 0 0
6 7 5 24 7 45 36 12 1 15 0 17 4 28 33 9 5 0 0 0 0 4 72 72 3 0 0 0 0 0 12 8 3 0 0 10 9 15 24 0 0 0 18 54 0 5 0 0 2 0 4 27 0 63 0 25 0 0 0 0 4 4 0 0
0 9 0 24 122 103 24 18 0 25 63 71 32 20 19 0 53 8 0 40 0 0 0 9 45 4 24 40 35 0 0 0 16 0 9 6 3 51 12 0 0 32 0 0 25 0 20 0 0 36 20 27 92 27 0 4 0 63 0 0 0 15 6 0
0 0 0 0 0 0 0 0 9 0 40 3 1 72 0 9 72 0 0 0 0 68 16 0 0 0 0 8 0 0 0 0 0 5 1 0 0 0 0 40 0 0 0 0 32 0 0 0 0 0 0 72 0 0 0 0 0 0 0 0 0 0 81 0
0 0 0 0 0 12 52 0 6 0 0 0 0 0 10 0 28 0 34 35 0 0 0 0 0 4 18 0 0 0 0 63 16 0 0 0 0 24 0 0 0 32 0 0 56 0 55 0 0 0 0 49 36 39 0 0 35 0 0 6 0 0 0 0
0 0 0 0 51 78 0 40 18 67 36 38 6 45 12 0 45 0 6 0 0 20 10 19 40 0 0 5 64 54 0 0 49 40 26 8 4 16 23 97 3 54 16 0 92 14 0 0 14 0 0 36 49 12 4 0 0 0 12 0 8 16 0 0
6 8 0 16 0 12 52 24 0 0 20 0 68 4 16 0 0 56 0 0 0 0 0 9 0 0 0 24 0 0 0 8 0 0 0 1 24 0 0 12 0 72 0 36 72 5 0 16 2 4 0 0 0 0 48 32 0 56 0 0 116 4 0 0
0 9 0 12 0 69 0 36 0 55 0 55 0 80 4 0 0 5 0 16 0 0 0 60 21 0 18 16 14 0 36 0 0 0 0 0 0 24 27 0 8 0 0 0 10 0 48 0 0 0 0 0 9 0 0 36 54 0 0 0 0 6 24 0
0 0 0 8 0 63 0 0 0 25 72 25 0 47 50 0 0 21 24 40 6 0 0 2 4 0 84 40 35 6 0 0 0 3 0 0 24 25 0 0 0 0 0 0 34 0 19 0 0 0 0 0 0 0 0 0 36 0 0 24 0 15 17 0
0 0 60 0 0 42 0 18 18 36 0 0 0 0 0 0 0 21 0 0 24 0 0 6 0 0 36 12 42 6 0 0 12 6 0 0 0 0 0 0 0 0 0 6 0 0 0 0 0 0 27 24 0 54 0 6 0 0 0 0 0 54 0 0
0 0 25 0 54 0 11 0 30 0 24 0 24 9 0 30 7 83 0 0 48 0 0 10 30 1 0 20 0 33 0 0 24 4 0 0 32 18 42 0 18 8 0 10 12 0 9 0 0 0 45 20 9 0 0 10 15 0 0 0 0 25 3 0
0 0 14 8 28 0 0 72 0 16 36 63 0 88 0 0 81 0 0 0 0 36 42 19 14 63 12 23 0 0 0 16 0 0 0 30 0 56 49 45 0 72 6 72 50 0 56 0 0 0 0 0 0 18 0 0 36 49 15 0 48 0 28 0
48 50 40 0 0 10 8 0 0 0 12 8 42 0 0 48 24 46 23 0 11 18 14 0 48 0 0 0 1 28 0 0 48 2 0 3 52 12 0 0 0 49 0 16 7 0 2 0 35 0 5 32 0 0 10 0 24 2 30 18 24 57 0 0
54 0 89 0 0 79 54 50 90 72 35 123 35 0 0 30 0 74 0 0 0 0 0 0 30 9 36 0 0 42 0 0 45 0 0 18 0 0 0 37 0 0 0 10 63 0 63 28 0 7 0 44 0 26 0 42 15 18 0 0 0 115 0 48
0 4 156 0 0 125 4 37 18 62 16 47 12 38 18 24 0 100 0 0 42 0 0 48 28 0 42 12 14 36 16 0 21 9 0 21 78 51 63 0 0 0 0 15 27 0 9 0 0 0 27 97 0 36 0 25 12 0 0 0 0 20 2 54
0 0 0 0 28 7 49 49 57 0 67 68 39 0 0 0 0 0 0 0 0 0 0 0 0 0 0 0 0 28 0 0 0 20 60 0 0 0 4 21 0 0 0 56 0 0 0 28 28 7 0 0 0 42 7 42 0 0 0 0 0 0 0 0
0 12 35 0 0 0 0 0 3 0 0 48 82 18 0 2 0 24 48 0 42 0 84 0 8 0 6 27 6 0 0 0 21 0 0 48 63 36 33 0 0 123 0 0 87 0 0 0 48 18 30 0 1 48 54 7 1 75 0 36 89 42 0 0
64 82 9 0 0 0 0 0 18 0 32 98 2 0 0 2 32 0 72 0 63 8 112 16 25 0 0 0 24 0 0 0 64 13 7 27 54 54 0 0 0 119 8 0 9 0 0 0 0 0 45 28 0 51 0 0 0 18 0 54 32 90 18 0
0 1 10 0 21 63 0 4 15 5 0 5 8 8 0 0 0 0 5 0 0 0 0 6 46 0 21 0 0 0 4 0 6 0 0 6 0 0 9 0 0 0 0 30 0 0 0 0 0 15 0 0 0 0 0 6 0 0 15 0 0 0 0 0
