14 14 15 20 15 20 18 17 14 17 19 15 14 15 16 10 12 17 9 10 13 18 20 20 14 17 19 15 17 16 14 20 14 14 20 12 16 17 14 14 19 16 8 14 16 17 15 18 18 12 20 18 14 17 16 13 20 18 16 9 17 13 21 16
13 17 16 18 13 15 13 12 17 14 15 14 15 16 19 9 15 21 13 16 10 16 20 18 18 18 18 17 18 14 19 17 16 15 18 12 16 16 16 16 18 13 11 17 17 19 16 17 17 13 19 15 14 15 13 14 21 13 14 15 16 13 20 19
13 19 17 19 17 25 16 13 15 18 20 13 15 18 15 17 15 17 10 15 17 21 24 19 17 21 24 17 18 19 19 21 16 13 22 15 17 17 17 15 17 18 19 18 17 21 20 17 17 15 21 20 17 16 11 19 21 20 12 14 17 18 24 16
14 15 20 14 14 23 19 13 19 15 20 17 18 15 17 14 15 19 12 14 13 20 19 13 14 18 18 14 17 16 16 15 17 17 20 16 18 17 15 17 19 15 15 15 16 15 22 18 14 16 18 17 15 12 14 20 17 17 17 17 17 16 24 16
13 16 18 15 13 18 16 12 17 14 13 14 12 14 18 13 14 16 9 15 12 18 17 20 16 17 16 14 15 9 20 15 13 17 16 12 14 24 11 14 12 16 12 11 16 16 15 16 17 15 18 15 9 12 12 12 16 13 14 14 12 16 22 16
8 15 15 17 13 19 16 11 17 15 15 13 11 14 17 14 11 14 11 13 14 18 19 14 15 15 16 16 14 12 18 14 15 16 16 9 17 15 14 15 15 14 12 13 19 17 18 15 14 16 16 12 13 11 13 15 17 11 15 13 15 17 20 12
17 16 16 15 16 24 18 15 15 16 21 16 15 16 14 18 16 19 8 11 14 18 24 18 13 20 20 18 15 17 20 11 12 14 17 15 16 18 15 16 20 15 15 17 21 18 18 18 15 20 16 20 13 15 14 21 17 15 20 16 20 19 23 15
12 14 18 16 16 17 16 13 13 17 15 13 18 15 14 14 15 15 10 15 11 14 20 15 16 13 16 11 18 17 16 13 15 16 17 14 13 14 11 14 17 11 18 11 16 17 17 15 13 13 14 12 12 16 13 17 14 13 15 13 13 12 17 12
18 24 22 23 23 22 23 15 19 23 23 19 20 20 24 19 24 25 18 21 15 24 22 21 19 21 20 17 20 21 24 22 23 18 22 14 18 22 24 21 23 19 21 17 19 22 25 22 20 20 23 23 14 21 17 19 24 17 21 15 24 18 25 22
15 18 19 18 17 19 17 13 14 18 21 14 14 15 18 16 16 19 12 15 13 22 21 19 18 19 19 17 15 17 19 15 16 16 19 12 16 18 19 15 13 13 16 17 18 21 20 18 13 12 18 14 13 15 12 17 20 14 15 13 16 17 23 17
17 18 20 22 20 22 19 14 19 21 17 21 16 19 22 14 21 22 14 17 15 19 27 23 21 20 21 17 22 17 21 18 19 15 24 15 15 24 20 22 22 22 14 17 20 22 19 21 20 18 24 24 16 14 17 20 23 16 19 20 22 22 27 20
8 13 13 14 16 13 15 12 12 16 12 10 15 13 13 14 16 13 11 13 14 15 14 13 13 13 15 15 15 15 20 13 17 11 14 12 14 13 13 14 14 15 15 14 16 16 21 13 10 11 13 12 10 11 11 16 16 12 14 14 17 14 14 13
11 15 18 17 12 19 12 7 14 19 15 18 12 14 18 11 18 19 13 17 11 15 19 18 17 20 15 15 15 14 17 15 14 13 19 12 15 16 16 12 14 16 15 14 16 16 18 15 10 15 17 15 13 12 9 15 16 12 13 17 19 17 20 18
19 20 20 17 16 21 23 14 16 20 21 19 23 16 21 17 20 20 12 20 14 24 23 19 16 21 17 18 19 17 20 17 19 20 23 15 18 22 16 19 20 17 15 15 21 20 21 19 18 19 20 20 19 16 15 23 19 16 18 19 18 20 26 17
15 15 11 14 13 17 13 15 16 15 17 14 16 13 16 13 12 19 12 10 8 20 18 14 12 20 13 12 13 12 21 12 16 13 14 9 15 19 15 14 16 15 14 14 12 11 16 16 13 14 13 14 12 12 14 14 16 13 12 15 12 16 18 17
17 21 22 20 21 25 20 18 20 20 24 16 16 23 24 19 16 24 17 16 18 23 26 23 20 24 26 20 19 20 24 22 18 16 21 17 20 24 23 20 22 20 18 22 24 20 25 22 21 22 21 21 17 19 16 20 27 20 20 16 24 21 28 26
17 17 14 16 22 20 19 16 17 19 21 15 16 15 21 17 17 19 9 13 15 17 23 19 16 17 20 15 17 19 18 18 12 15 21 15 14 17 15 18 20 17 10 14 23 18 19 22 15 19 21 20 16 17 14 20 23 16 17 14 19 18 26 17
14 16 18 19 11 18 14 11 15 19 19 16 13 18 22 10 15 14 12 14 13 17 14 14 16 16 16 12 14 13 17 15 18 15 17 10 17 14 12 16 17 15 10 12 14 16 14 16 19 15 18 17 10 15 12 15 20 16 16 13 15 12 17 18
12 18 17 21 20 22 15 17 20 19 21 17 14 17 21 16 16 22 13 16 16 18 24 21 21 24 21 19 17 16 22 19 16 14 19 13 16 16 17 15 20 20 17 20 21 20 24 19 16 17 21 19 14 18 14 20 24 16 16 16 23 17 22 22
10 15 18 18 16 22 13 13 17 18 16 17 13 14 20 17 15 18 14 13 17 18 24 17 17 21 21 16 17 15 18 18 15 17 18 14 17 15 12 14 19 21 17 16 20 17 19 16 17 18 18 13 16 14 11 19 18 17 14 16 18 14 22 19
13 14 13 15 12 16 15 11 12 13 14 12 11 12 13 13 15 18 10 13 10 14 19 19 15 19 15 17 19 12 15 13 11 13 15 14 14 15 14 14 16 11 11 15 14 16 16 16 13 14 17 15 11 13 11 15 17 12 12 13 15 14 22 18
14 14 16 12 13 14 17 10 13 13 14 14 11 14 19 12 15 20 13 10 10 17 15 14 15 18 16 14 18 12 14 14 13 14 15 14 12 12 17 12 14 15 8 13 15 13 19 17 12 17 16 14 11 11 11 19 16 11 15 12 18 19 21 17
12 14 14 14 13 18 12 11 16 14 15 14 12 16 12 11 14 14 10 14 10 15 21 18 15 18 13 16 14 11 18 12 13 17 17 7 12 15 13 13 14 14 16 14 13 19 13 15 11 12 18 14 13 12 12 13 14 12 11 13 11 15 19 13
14 18 16 15 20 16 15 15 20 18 15 13 16 16 20 16 19 20 14 13 17 20 20 22 19 21 15 16 21 13 17 16 18 17 20 14 11 16 16 16 15 15 14 17 21 19 20 23 12 20 20 16 13 15 13 16 18 12 14 15 17 18 23 17
16 20 19 21 18 21 23 19 18 19 20 18 21 16 22 17 22 22 14 17 11 20 22 22 19 19 19 20 23 18 20 20 20 19 20 16 16 18 21 17 19 17 15 16 18 21 21 23 18 18 23 22 15 21 16 24 23 16 18 19 20 24 25 15
15 19 21 20 19 26 20 15 15 20 22 18 17 18 20 18 19 21 15 14 13 19 26 18 17 21 22 21 16 15 23 17 17 15 16 15 22 18 17 17 17 16 15 17 16 19 16 19 19 16 22 16 12 19 16 19 23 19 18 19 17 17 27 17
13 18 18 17 16 16 19 14 16 16 18 13 16 16 19 12 18 21 11 15 12 20 18 18 16 13 15 18 17 18 22 17 17 18 20 13 14 19 19 17 17 15 16 17 19 20 19 16 15 16 17 18 17 15 19 17 19 13 16 13 21 18 22 18
14 16 19 15 15 17 18 14 14 16 18 12 13 15 16 13 12 15 9 15 15 18 21 19 19 15 19 15 16 12 20 16 14 16 21 15 13 21 12 14 15 15 15 14 16 17 18 16 14 12 16 16 16 16 12 17 19 17 12 14 14 17 20 16
17 17 16 17 17 20 20 14 20 18 19 16 14 15 21 18 16 21 13 14 15 20 23 18 18 19 16 16 17 12 17 16 14 21 19 15 17 18 12 13 17 14 16 16 21 18 19 18 15 21 19 17 14 14 12 22 20 14 16 16 20 19 25 17
15 17 21 20 17 20 22 15 21 17 17 17 14 18 22 14 19 22 14 16 17 24 22 22 17 23 21 22 20 16 24 15 17 20 21 14 16 20 21 21 21 24 16 20 19 22 24 18 19 19 21 19 16 14 18 20 21 15 18 18 22 19 25 23
17 14 17 18 17 22 20 14 18 22 21 16 19 20 18 16 17 24 16 17 16 20 23 19 16 23 20 20 20 18 20 14 18 18 22 12 20 19 21 20 19 14 17 21 21 22 23 20 16 21 19 19 15 15 15 20 19 17 19 17 17 19 24 20
11 14 18 16 16 19 15 14 18 17 19 14 14 17 17 16 15 15 11 15 15 16 22 17 19 18 16 13 16 11 18 15 15 16 19 10 15 14 14 15 16 14 14 14 19 17 15 18 15 15 21 16 12 13 13 17 16 17 15 14 12 13 22 17
13 19 16 15 14 15 16 11 14 14 21 12 13 15 17 17 14 17 12 14 14 21 15 15 14 20 18 18 14 13 22 16 21 14 17 9 16 17 18 15 15 14 16 14 18 17 17 16 16 13 16 14 12 12 12 15 18 14 16 8 13 17 20 14
15 18 13 15 13 17 16 15 16 15 19 15 15 16 21 13 13 18 15 12 8 15 20 17 14 19 18 13 17 12 15 18 17 16 17 14 16 14 17 11 17 13 13 15 17 14 17 18 19 17 17 18 9 15 13 17 22 14 16 11 17 15 19 18
17 21 19 16 21 19 19 14 17 17 20 17 17 18 22 17 20 20 16 14 16 21 25 18 20 22 23 17 18 19 19 22 18 14 18 18 17 18 20 15 22 16 17 22 22 19 22 22 15 18 18 17 15 15 13 21 21 18 19 15 24 16 23 23
10 17 13 12 14 17 16 10 12 13 15 12 15 16 14 10 14 17 14 14 5 13 18 13 12 14 13 13 14 15 13 14 15 11 16 10 9 17 19 14 14 7 16 16 16 15 18 13 12 13 16 15 9 13 14 12 16 12 15 8 15 15 15 13
17 16 15 21 20 23 20 14 16 20 17 16 21 17 20 16 16 18 15 15 15 22 24 19 16 21 20 16 21 16 20 19 19 14 20 13 18 20 15 17 16 16 16 17 17 21 19 21 15 19 21 20 16 14 16 20 19 18 13 18 19 20 21 16
15 18 20 21 17 21 17 17 15 17 19 18 16 18 21 14 15 15 14 11 16 22 24 21 15 21 22 19 18 17 17 17 19 16 21 16 18 19 18 18 16 16 13 19 20 21 17 20 18 19 19 14 14 16 15 18 21 18 15 15 18 15 22 16
14 14 13 15 14 19 13 13 16 19 18 19 17 13 18 17 13 15 13 12 14 17 23 16 13 23 17 10 13 14 16 13 15 13 18 13 14 16 11 17 16 15 14 16 18 13 16 16 11 15 18 15 14 14 9 17 19 16 13 16 16 14 20 17
14 18 15 14 21 18 20 11 14 18 15 16 15 17 20 17 18 20 11 13 13 21 22 23 15 24 21 15 19 17 18 18 16 13 21 12 13 19 12 14 13 17 16 17 19 19 17 16 14 18 21 19 12 15 14 18 20 17 14 14 18 19 22 16
17 21 21 14 15 20 17 15 16 16 23 17 16 15 18 15 17 23 13 17 14 21 23 17 16 24 21 18 19 17 22 15 17 18 21 16 14 19 17 18 25 17 21 19 19 15 24 19 16 19 15 17 17 20 15 21 19 16 17 14 18 16 21 18
16 16 17 16 17 18 19 15 10 16 18 16 16 17 17 15 15 13 11 10 10 18 20 15 12 18 17 10 14 16 14 16 16 12 17 14 14 15 14 15 16 13 11 11 14 15 13 20 12 14 17 17 11 15 12 18 20 16 16 11 15 14 21 12
11 15 16 13 16 21 15 13 13 16 17 14 12 13 15 13 13 19 13 11 13 17 20 14 13 18 20 15 14 16 15 16 14 13 19 15 14 20 14 14 14 14 14 16 18 17 21 17 12 17 15 16 12 12 13 17 18 16 15 13 18 16 24 14
13 17 14 13 12 18 18 13 11 18 18 15 14 16 17 16 13 15 15 13 14 16 18 16 12 18 17 18 15 15 17 12 15 17 19 11 16 14 13 15 12 9 18 19 16 19 14 15 13 15 16 15 11 16 11 15 19 12 13 13 14 17 18 12
9 15 14 17 18 21 16 14 17 16 16 16 13 16 18 10 17 20 15 11 13 13 23 18 16 17 18 16 16 14 17 15 15 11 17 14 17 15 17 15 18 15 15 18 16 17 19 17 13 15 18 16 10 12 15 16 19 18 14 17 20 14 21 19
13 18 19 19 9 21 18 15 13 20 20 20 18 18 15 9 14 17 14 18 13 18 19 17 16 22 18 17 16 16 21 19 18 16 24 12 18 18 17 15 20 17 17 18 15 18 21 15 15 11 17 18 15 17 15 17 21 14 16 17 19 17 20 18
12 16 22 16 17 26 17 15 15 20 18 16 15 21 18 14 16 14 15 14 13 15 25 17 17 17 21 15 15 15 15 19 13 14 18 16 16 16 16 12 15 12 16 19 17 18 16 18 15 16 18 16 11 15 12 17 22 16 15 17 17 15 21 16
14 13 13 18 17 18 20 14 11 18 16 12 15 14 16 14 14 17 12 13 13 16 19 16 10 16 15 16 17 14 15 17 13 14 19 12 9 16 17 16 19 16 12 17 15 18 18 18 15 16 18 16 13 15 15 18 18 14 15 10 16 16 18 14
12 12 11 14 19 16 18 12 15 18 13 14 14 14 19 14 15 16 11 12 13 16 18 16 14 16 19 11 17 15 14 16 13 11 17 14 12 15 13 11 14 13 12 14 17 15 14 15 15 14 19 14 11 15 15 11 18 15 12 8 13 13 15 17
14 18 13 16 16 18 17 15 17 17 18 14 16 18 21 15 14 20 13 13 14 20 19 19 16 21 16 13 13 15 18 17 15 11 20 13 16 16 17 17 17 14 14 16 18 15 15 17 12 16 22 19 13 20 12 14 24 15 15 13 17 15 22 19
14 15 14 16 20 20 15 13 17 21 17 10 14 15 18 18 15 16 12 17 20 18 19 18 19 16 20 16 15 14 19 17 11 16 17 13 18 16 14 12 14 15 17 17 17 20 22 19 14 16 17 14 13 15 8 16 18 17 16 14 15 12 22 19
12 18 20 18 16 20 18 14 19 17 20 17 18 18 20 15 15 16 12 15 14 21 21 17 17 21 19 17 17 18 16 16 18 18 20 13 18 17 15 20 16 13 15 18 19 19 19 18 18 16 19 17 17 15 13 16 20 15 12 14 17 17 22 18
17 18 19 19 21 25 16 19 18 23 22 14 22 19 19 16 16 20 11 17 18 22 25 19 20 21 18 18 19 20 23 17 17 16 20 16 15 21 16 20 23 17 18 20 22 23 25 22 14 19 20 17 18 19 14 21 21 17 19 18 19 17 23 20
14 17 20 22 18 26 22 17 18 24 20 20 16 19 22 16 16 21 15 18 15 15 20 21 17 19 22 17 18 22 19 19 15 19 23 16 15 20 12 16 21 18 17 16 21 21 20 16 20 15 23 20 12 19 16 20 26 15 16 15 22 21 24 19
15 18 16 18 18 20 17 14 16 19 15 16 17 18 21 12 16 20 17 12 14 20 24 20 15 20 15 18 14 15 16 16 16 15 18 15 15 18 17 14 17 15 16 19 17 17 19 20 13 16 15 16 15 16 14 15 21 9 15 16 19 20 19 15
13 19 21 21 19 25 17 16 20 20 18 20 19 15 21 16 20 20 15 16 15 22 23 17 20 19 21 16 19 21 19 20 19 18 20 15 19 16 16 15 18 15 19 15 21 19 19 21 13 16 23 17 17 17 14 20 23 13 16 18 20 19 27 12
17 20 17 15 17 17 17 14 17 19 20 16 17 17 22 12 18 24 15 19 13 22 21 20 17 21 20 21 19 17 21 13 20 18 22 12 17 21 23 20 18 16 16 19 22 18 24 18 18 20 22 17 12 15 12 19 22 16 20 14 15 19 24 16
18 19 17 20 19 24 22 15 20 20 18 20 20 19 21 16 20 23 16 15 17 26 24 25 18 23 21 20 23 19 19 19 23 19 25 18 19 21 17 17 17 18 17 18 20 24 21 22 16 18 27 20 17 16 18 20 24 17 17 17 21 24 29 17
9 12 10 15 10 13 16 11 8 15 13 14 13 12 15 10 11 13 11 10 8 13 11 12 10 13 10 9 11 12 9 13 12 10 15 9 13 10 16 13 12 10 9 9 9 10 12 11 13 9 17 16 9 12 6 11 16 10 10 8 14 12 17 13
13 17 17 18 15 20 14 13 15 16 18 17 17 15 16 14 17 16 14 12 13 19 22 12 17 18 19 11 15 13 14 16 15 15 19 12 13 15 15 15 15 17 13 15 15 17 18 18 13 16 20 17 15 14 11 16 20 16 14 15 14 15 23 12
15 17 20 20 18 20 16 16 18 19 18 16 17 20 19 11 19 22 14 16 14 18 23 21 19 21 19 19 19 14 19 16 17 16 21 15 16 17 20 15 21 20 14 20 17 21 22 20 16 17 19 17 16 18 16 19 21 18 17 19 20 13 22 21
19 22 16 17 16 22 16 12 17 17 20 16 18 15 18 16 22 21 13 15 13 20 27 21 17 20 20 17 22 18 18 18 18 19 21 14 16 19 16 19 19 14 19 18 21 23 18 19 16 22 21 19 14 17 12 20 19 18 14 19 19 16 24 17
16 19 15 16 10 18 15 14 16 17 21 15 15 12 18 14 14 19 13 15 10 19 19 15 16 17 17 15 16 13 20 15 18 17 18 11 16 16 14 12 17 13 18 13 14 17 14 18 16 15 17 18 12 17 13 18 19 12 13 14 11 19 20 10
15 15 16 15 18 22 15 20 16 20 17 16 16 17 16 16 14 19 11 10 16 20 20 20 14 19 20 15 12 14 21 14 14 12 17 13 14 21 17 11 15 20 15 19 17 16 16 18 16 17 15 15 10 16 14 14 18 14 16 17 14 17 22 17
